13.0 15.0 0.0048 10785.7302
39.0 11.0 0.0049 10785.3183
67.0 14.0 0.0054 10783.7279
96.0 12.0 0.0048 10785.5667
124.0 11.0 0.0053 10784.0247
155.0 15.0 0.0051 10784.6081
178.0 15.0 0.0050 10785.0887
205.0 11.0 0.0051 10784.7816
233.0 11.0 0.0054 10783.9301
266.0 13.0 0.0058 10782.6063
289.0 15.0 0.0049 10785.2530
320.0 16.0 0.0047 10785.9032
346.0 15.0 0.0053 10784.2196
375.0 11.0 0.0049 10785.3745
403.0 11.0 0.0047 10785.7752
431.0 14.0 0.0048 10785.5242
458.0 15.0 0.0045 10786.3894
487.0 15.0 0.0045 10786.4261
12.0 43.0 0.0041 10787.7361
40.0 44.0 0.0042 10787.2592
69.0 44.0 0.0043 10786.9800
99.0 39.0 0.0139 10758.3745
126.0 44.0 0.0048 10785.7363
151.0 43.0 0.0057 10782.9585
180.0 44.0 0.0046 10786.0607
205.0 41.0 0.0051 10784.6680
235.0 40.0 0.0052 10784.4485
264.0 44.0 0.0047 10785.9267
291.0 41.0 0.0056 10783.2575
317.0 40.0 0.0050 10784.9423
348.0 39.0 0.0049 10785.2680
374.0 40.0 0.0043 10787.2318
405.0 43.0 0.0050 10784.8734
429.0 40.0 0.0051 10784.6992
456.0 40.0 0.0041 10787.8252
488.0 40.0 0.0054 10783.7429
11.0 67.0 0.0052 10784.4959
41.0 66.0 0.0055 10783.5814
66.0 67.0 0.0048 10785.6293
94.0 70.0 0.0142 10757.4387
126.0 69.0 0.0047 10786.0255
153.0 69.0 0.0051 10784.7119
181.0 67.0 0.0053 10783.9607
207.0 69.0 0.0053 10784.0818
234.0 70.0 0.0054 10783.7074
262.0 69.0 0.0049 10785.3108
293.0 71.0 0.0049 10785.3631
318.0 68.0 0.0154 10753.8265
347.0 67.0 0.0041 10787.5776
377.0 67.0 0.0047 10785.7812
403.0 69.0 0.0241 10727.8392
432.0 72.0 0.0129 10761.2640
458.0 68.0 0.0047 10785.7981
484.0 71.0 0.0047 10785.9789
14.0 96.0 0.0052 10784.4256
40.0 96.0 0.0042 10787.4354
68.0 99.0 0.0120 10763.9735
95.0 97.0 0.0299 10710.1654
126.0 95.0 0.0305 10708.6061
151.0 96.0 0.0212 10736.3181
182.0 97.0 0.0150 10755.1075
205.0 98.0 0.0053 10784.1666
238.0 98.0 0.0329 10701.4440
262.0 94.0 0.0147 10755.9460
293.0 98.0 0.0224 10732.6990
319.0 96.0 0.0219 10734.2011
348.0 99.0 0.0048 10785.5764
377.0 97.0 0.0121 10763.8010
404.0 98.0 0.0284 10714.7255
430.0 95.0 0.0046 10786.1990
456.0 98.0 0.0049 10785.2192
483.0 99.0 0.0049 10785.3183
11.0 126.0 0.0044 10786.9152
41.0 124.0 0.0051 10784.5537
66.0 123.0 0.0050 10785.1264
96.0 122.0 0.0138 10758.4908
127.0 123.0 0.0302 10709.5393
153.0 124.0 0.0130 10761.1000
182.0 127.0 0.0144 10756.7119
207.0 122.0 0.0141 10757.8031
236.0 125.0 0.0317 10704.9792
264.0 125.0 0.0140 10757.8676
293.0 123.0 0.0238 10728.6540
317.0 124.0 0.0144 10756.8823
347.0 126.0 0.0213 10736.1470
374.0 124.0 0.0389 10683.3878
404.0 125.0 0.0510 10646.9243
429.0 125.0 0.0051 10784.6922
459.0 127.0 0.0055 10783.5486
487.0 123.0 0.0046 10786.0653
13.0 152.0 0.0049 10785.2462
42.0 150.0 0.0050 10785.0512
66.0 153.0 0.0049 10785.3530
99.0 151.0 0.0139 10758.3726
126.0 151.0 0.0496 10651.2078
154.0 150.0 0.0458 10662.4551
182.0 154.0 0.0578 10626.6990
205.0 154.0 0.0318 10704.5114
234.0 153.0 0.0145 10756.5479
266.0 154.0 0.0561 10631.6250
290.0 153.0 0.0231 10730.6734
320.0 153.0 0.0716 10585.3357
348.0 153.0 0.0454 10663.9392
374.0 154.0 0.0511 10646.5923
400.0 152.0 0.0052 10784.3672
429.0 154.0 0.0049 10785.3295
457.0 153.0 0.0053 10784.1848
484.0 155.0 0.0045 10786.4047
15.0 181.0 0.0051 10784.5799
40.0 183.0 0.0048 10785.6128
69.0 180.0 0.0132 10760.4758
94.0 182.0 0.0141 10757.8432
125.0 180.0 0.0322 10703.3431
154.0 181.0 0.0374 10687.7943
180.0 183.0 0.0537 10639.0303
209.0 182.0 0.0880 10535.8837
234.0 182.0 0.0679 10596.2584
261.0 178.0 0.0463 10661.1574
290.0 182.0 0.0802 10559.3642
316.0 178.0 0.0631 10610.7102
349.0 179.0 0.0219 10734.4230
373.0 180.0 0.0142 10757.4667
404.0 177.0 0.0222 10733.5180
430.0 178.0 0.0150 10754.9127
459.0 182.0 0.0055 10783.5089
487.0 179.0 0.0049 10785.2527
13.0 207.0 0.0056 10783.1360
39.0 208.0 0.0053 10784.0592
70.0 208.0 0.0050 10784.9192
99.0 206.0 0.0142 10757.2819
127.0 211.0 0.0236 10729.3444
155.0 207.0 0.0048 10785.7109
178.0 206.0 0.0226 10732.2710
208.0 207.0 0.0923 10523.1297
238.0 206.0 0.0156 10753.1680
262.0 207.0 0.1248 10425.5674
294.0 209.0 0.0772 10568.3267
319.0 211.0 0.0048 10785.6944
348.0 210.0 0.0244 10726.8663
376.0 205.0 0.0242 10727.4996
401.0 208.0 0.0048 10785.7020
428.0 210.0 0.0052 10784.4256
455.0 206.0 0.0048 10785.5499
485.0 207.0 0.0049 10785.2059
16.0 237.0 0.0050 10785.1149
39.0 236.0 0.0049 10785.2736
67.0 234.0 0.0050 10784.8980
95.0 233.0 0.0156 10753.0688
125.0 236.0 0.0233 10730.1529
154.0 238.0 0.0494 10651.7579
181.0 235.0 0.0380 10686.0879
210.0 234.0 0.1240 10428.0523
233.0 235.0 0.0771 10568.5764
263.0 233.0 0.1468 10359.7498
294.0 236.0 0.0448 10665.6754
321.0 234.0 0.0120 10763.9415
346.0 236.0 0.0406 10678.3178
376.0 235.0 0.0139 10758.3675
400.0 233.0 0.0300 10709.8532
429.0 237.0 0.0052 10784.4633
460.0 238.0 0.0056 10783.2901
485.0 237.0 0.0044 10786.7308
12.0 262.0 0.0051 10784.6444
41.0 261.0 0.0056 10783.3118
70.0 266.0 0.0052 10784.3074
96.0 266.0 0.0325 10702.5180
123.0 265.0 0.0131 10760.7962
154.0 262.0 0.0131 10760.6081
183.0 266.0 0.0513 10646.2118
205.0 265.0 0.0709 10587.1540
238.0 266.0 0.1806 10258.1112
265.0 265.0 0.1557 10332.8648
293.0 264.0 0.0580 10626.1059
321.0 264.0 0.0773 10568.0265
345.0 265.0 0.0380 10685.9336
374.0 262.0 0.0319 10704.4063
403.0 265.0 0.0237 10728.9456
430.0 266.0 0.0050 10785.0843
460.0 266.0 0.0050 10785.1056
484.0 264.0 0.0053 10784.2406
14.0 289.0 0.0050 10785.1494
43.0 291.0 0.0045 10786.5232
71.0 289.0 0.0047 10785.8174
96.0 289.0 0.0150 10755.1493
125.0 288.0 0.0137 10758.9347
150.0 293.0 0.0340 10698.0020
181.0 290.0 0.0624 10612.8281
211.0 290.0 0.0706 10588.2196
238.0 289.0 0.1047 10485.9793
263.0 292.0 0.0852 10544.5050
289.0 292.0 0.0906 10528.2499
320.0 293.0 0.0838 10548.4811
347.0 291.0 0.0221 10733.7872
372.0 291.0 0.0140 10757.8884
404.0 290.0 0.0140 10758.0266
428.0 293.0 0.0051 10784.7924
458.0 290.0 0.0058 10782.5927
485.0 294.0 0.0051 10784.6204
11.0 318.0 0.0054 10783.6891
42.0 320.0 0.0051 10784.5999
68.0 320.0 0.0051 10784.6081
95.0 321.0 0.0140 10758.0369
122.0 319.0 0.0157 10753.0245
150.0 317.0 0.0446 10666.1399
183.0 319.0 0.0700 10589.9962
205.0 319.0 0.0468 10659.5652
234.0 318.0 0.0836 10549.1498
261.0 319.0 0.0353 10694.0609
293.0 321.0 0.0291 10712.6140
320.0 318.0 0.0719 10584.1794
344.0 319.0 0.0049 10785.1537
373.0 317.0 0.0233 10730.1270
404.0 320.0 0.0141 10757.7945
431.0 321.0 0.0141 10757.7223
460.0 320.0 0.0054 10783.9002
483.0 320.0 0.0050 10785.0423
16.0 345.0 0.0049 10785.3942
40.0 348.0 0.0056 10783.0624
69.0 344.0 0.0050 10785.1045
96.0 345.0 0.0130 10760.9551
123.0 346.0 0.0547 10636.0460
151.0 347.0 0.0589 10623.4129
182.0 346.0 0.0307 10708.0357
206.0 348.0 0.0434 10669.8961
238.0 344.0 0.0141 10757.6293
263.0 347.0 0.0222 10733.4041
289.0 348.0 0.0230 10730.9271
320.0 345.0 0.0043 10787.2170
348.0 345.0 0.0633 10609.9566
376.0 346.0 0.0128 10761.4996
401.0 345.0 0.0141 10757.7700
431.0 346.0 0.0051 10784.7661
458.0 346.0 0.0051 10784.7657
485.0 348.0 0.0048 10785.4823
12.0 374.0 0.0053 10783.9569
40.0 377.0 0.0053 10784.1787
71.0 376.0 0.0049 10785.1639
95.0 373.0 0.0288 10713.4605
126.0 375.0 0.0120 10764.0108
154.0 377.0 0.0122 10763.3444
181.0 377.0 0.0128 10761.6820
210.0 376.0 0.0143 10757.1913
234.0 373.0 0.0137 10758.9872
261.0 373.0 0.0418 10674.5646
288.0 375.0 0.0230 10731.0303
318.0 372.0 0.0051 10784.6743
346.0 373.0 0.0418 10674.7341
372.0 373.0 0.0287 10713.8937
405.0 377.0 0.0146 10756.0916
432.0 377.0 0.0255 10723.6443
458.0 372.0 0.0051 10784.7232
487.0 375.0 0.0043 10787.1355
13.0 405.0 0.0049 10785.3521
43.0 403.0 0.0055 10783.3578
67.0 405.0 0.0126 10762.2797
96.0 400.0 0.0212 10736.3109
125.0 404.0 0.0130 10760.9920
153.0 404.0 0.0132 10760.2586
180.0 403.0 0.0234 10729.9142
206.0 402.0 0.0157 10752.7925
236.0 401.0 0.0230 10731.1180
263.0 403.0 0.0224 10732.7940
292.0 400.0 0.0315 10705.4461
318.0 400.0 0.0206 10738.2198
344.0 403.0 0.0053 10784.0417
375.0 401.0 0.0340 10697.9859
400.0 405.0 0.0203 10739.1003
430.0 404.0 0.0056 10783.3325
460.0 400.0 0.0045 10786.4229
487.0 404.0 0.0048 10785.6043
13.0 430.0 0.0053 10784.2264
41.0 429.0 0.0042 10787.5333
70.0 432.0 0.0151 10754.7619
98.0 430.0 0.0225 10732.6322
125.0 431.0 0.0150 10755.1348
151.0 430.0 0.0058 10782.6380
182.0 430.0 0.0053 10784.1084
208.0 431.0 0.0050 10785.0182
234.0 431.0 0.0059 10782.3307
263.0 431.0 0.0049 10785.4364
290.0 429.0 0.0047 10785.9530
321.0 428.0 0.0134 10759.7509
347.0 432.0 0.0044 10786.6747
376.0 430.0 0.0050 10785.0606
401.0 431.0 0.0222 10733.3540
431.0 430.0 0.0133 10760.0372
459.0 431.0 0.0056 10783.2260
487.0 431.0 0.0045 10786.3894
12.0 457.0 0.0040 10787.8977
40.0 459.0 0.0046 10786.2455
68.0 455.0 0.0049 10785.4051
94.0 459.0 0.0048 10785.4877
127.0 458.0 0.0047 10785.8911
150.0 455.0 0.0049 10785.4496
179.0 457.0 0.0052 10784.2724
210.0 459.0 0.0053 10784.0327
236.0 457.0 0.0053 10784.0727
262.0 457.0 0.0046 10786.1103
291.0 456.0 0.0054 10783.8140
318.0 459.0 0.0058 10782.5910
348.0 457.0 0.0043 10786.9756
374.0 460.0 0.0046 10786.1985
405.0 456.0 0.0053 10783.9646
432.0 459.0 0.0045 10786.4360
460.0 456.0 0.0041 10787.7685
486.0 456.0 0.0052 10784.2828
12.0 486.0 0.0049 10785.2909
44.0 485.0 0.0042 10787.2647
67.0 486.0 0.0048 10785.5587
94.0 484.0 0.0049 10785.3151
123.0 486.0 0.0051 10784.6492
152.0 485.0 0.0052 10784.4400
180.0 486.0 0.0058 10782.5791
206.0 485.0 0.0057 10782.9614
235.0 484.0 0.0047 10786.0174
266.0 486.0 0.0044 10786.7694
290.0 486.0 0.0045 10786.4230
318.0 483.0 0.0049 10785.4246
346.0 485.0 0.0048 10785.7009
375.0 488.0 0.0041 10787.7009
401.0 484.0 0.0051 10784.6204
430.0 488.0 0.0049 10785.4120
456.0 484.0 0.0043 10787.1292
488.0 485.0 0.0046 10786.1555
426.0 301.0 0.0047 10785.7765
214.0 445.0 0.0052 10784.5335
437.0 191.0 0.0055 10783.6130
125.0 473.0 0.0054 10783.6757
324.0 270.0 0.0041 10787.6014
80.0 191.0 0.0048 10785.7421
204.0 287.0 0.0196 10741.0540
207.0 100.0 0.0217 10734.7707
373.0 388.0 0.0057 10782.8457
495.0 431.0 0.0051 10784.6921
343.0 465.0 0.0049 10785.3831
242.0 353.0 0.0143 10757.0023
439.0 161.0 0.0043 10787.0449
122.0 360.0 0.0292 10712.3182
331.0 34.0 0.0042 10787.3520
336.0 321.0 0.0572 10628.4657
463.0 321.0 0.0051 10784.6963
464.0 65.0 0.0049 10785.1648
89.0 245.0 0.0034 10789.6502
97.0 27.0 0.0048 10785.5482
188.0 24.0 0.0052 10784.4474
40.0 490.0 0.0044 10786.7917
251.0 325.0 0.0042 10787.5463
486.0 88.0 0.0047 10785.8367
177.0 423.0 0.0047 10785.9656
383.0 47.0 0.0051 10784.6547
