28.0 0.1 0.0045 10786.4370
52.0 23.0 0.0054 10783.7415
63.0 18.0 0.0049 10785.3354
89.0 26.0 0.0043 10787.1043
136.0 1.0 0.0053 10784.0372
158.0 10.0 0.0043 10787.0245
184.0 21.0 0.0044 10786.7439
203.0 6.0 0.0046 10786.1164
224.0 22.0 0.0056 10783.2018
248.0 10.0 0.0042 10787.2508
302.0 7.0 0.0037 10789.0389
306.0 16.0 0.0045 10786.6367
351.0 0.1 0.0048 10785.4844
377.0 0.0 0.0057 10782.9695
410.0 22.0 0.0042 10787.4864
426.0 5.0 0.0050 10785.0447
473.0 12.0 0.0054 10783.9081
487.0 26.0 0.0048 10785.4605
28.0 35.0 0.0036 10789.2277
43.0 52.0 0.0049 10785.3306
81.0 36.0 0.0050 10784.9160
94.0 56.0 0.0128 10761.5406
137.0 41.0 0.0051 10784.7806
145.0 42.0 0.0051 10784.8449
170.0 27.0 0.0049 10785.2535
193.0 50.0 0.0046 10786.2688
222.0 36.0 0.0050 10784.9840
253.0 31.0 0.0051 10784.6891
298.0 39.0 0.0045 10786.3955
304.0 52.0 0.0148 10755.5758
341.0 34.0 0.0046 10786.0649
370.0 40.0 0.0045 10786.5351
387.0 46.0 0.0048 10785.5898
439.0 34.0 0.0044 10786.8229
465.0 48.0 0.0042 10787.2609
495.0 27.0 0.0051 10784.7393
24.0 62.0 0.0048 10785.4754
38.0 75.0 0.0047 10785.8029
59.0 80.0 0.0045 10786.3650
84.0 72.0 0.0046 10786.1425
133.0 57.0 0.0224 10732.7542
156.0 71.0 0.0126 10762.0687
171.0 83.0 0.0552 10634.2573
205.0 55.0 0.0045 10786.6018
244.0 79.0 0.0375 10687.4121
266.0 58.0 0.0143 10756.9930
302.0 57.0 0.0049 10785.3260
304.0 63.0 0.0142 10757.2980
351.0 67.0 0.0042 10787.4146
373.0 77.0 0.0215 10735.5005
410.0 74.0 0.0127 10761.9220
424.0 70.0 0.0050 10785.1452
472.0 57.0 0.0051 10784.7958
485.0 77.0 0.0036 10789.0723
21.0 92.0 0.0050 10784.9569
33.0 91.0 0.0048 10785.6780
77.0 85.0 0.0228 10731.4896
96.0 109.0 0.0121 10763.5716
134.0 105.0 0.0224 10732.9162
151.0 93.0 0.0046 10786.2689
191.0 111.0 0.0569 10629.1589
222.0 111.0 0.0155 10753.6332
235.0 100.0 0.0058 10782.4510
261.0 103.0 0.0149 10755.3209
297.0 98.0 0.0126 10762.1701
310.0 111.0 0.0142 10757.3037
336.0 94.0 0.0042 10787.5109
371.0 95.0 0.0129 10761.2044
395.0 89.0 0.0303 10709.0704
445.0 97.0 0.0044 10786.9308
460.0 94.0 0.0049 10785.2645
472.0 83.0 0.0048 10785.6780
25.0 123.0 0.0041 10787.7782
37.0 123.0 0.0047 10785.9139
79.0 138.0 0.0056 10783.1892
100.0 117.0 0.0184 10744.6875
118.0 117.0 0.0133 10760.0368
162.0 125.0 0.0049 10785.4072
183.0 133.0 0.0048 10785.5006
213.0 131.0 0.0377 10686.7813
231.0 118.0 0.0230 10731.0952
269.0 138.0 0.0290 10712.8819
279.0 133.0 0.0047 10785.9443
333.0 134.0 0.0051 10784.8195
347.0 119.0 0.0415 10675.5759
375.0 116.0 0.0043 10787.0157
399.0 119.0 0.0152 10754.2981
427.0 110.0 0.0137 10758.8398
470.0 134.0 0.0047 10785.8881
492.0 124.0 0.0049 10785.2125
9.0 137.0 0.0046 10786.1756
48.0 151.0 0.0052 10784.5367
65.0 150.0 0.0043 10787.0401
85.0 167.0 0.0202 10739.3262
128.0 157.0 0.0305 10708.5576
157.0 155.0 0.0460 10661.9442
191.0 154.0 0.0041 10787.6216
195.0 159.0 0.1207 10437.8004
232.0 156.0 0.0469 10659.4489
259.0 145.0 0.0226 10732.2730
291.0 139.0 0.0209 10737.1610
317.0 138.0 0.0392 10682.5249
354.0 155.0 0.0534 10639.9005
385.0 146.0 0.0467 10659.9520
391.0 145.0 0.0135 10759.4625
442.0 167.0 0.0051 10784.6646
473.0 140.0 0.0046 10786.2943
499.0 157.0 0.0043 10787.0671
5.0 191.0 0.0045 10786.3589
39.0 172.0 0.0052 10784.2720
75.0 168.0 0.0043 10787.1280
103.0 175.0 0.0228 10731.7131
127.0 193.0 0.0210 10737.0380
151.0 194.0 0.0775 10567.4511
194.0 186.0 0.0050 10785.1259
206.0 188.0 0.0365 10690.5435
224.0 184.0 0.0688 10593.6522
264.0 185.0 0.0539 10638.2533
277.0 175.0 0.0623 10612.9970
324.0 168.0 0.0576 10627.1145
336.0 167.0 0.0047 10785.9168
375.0 191.0 0.0046 10786.1720
408.0 184.0 0.0327 10701.9659
432.0 182.0 0.0144 10756.7840
466.0 171.0 0.0045 10786.5766
482.0 171.0 0.0052 10784.4504
24.0 196.0 0.0053 10784.0921
37.0 201.0 0.0040 10787.9121
63.0 197.0 0.0049 10785.3918
82.0 208.0 0.0138 10758.7436
135.0 217.0 0.0054 10783.8217
146.0 197.0 0.0134 10759.8314
182.0 203.0 0.0048 10785.7057
222.0 201.0 0.0179 10746.2833
224.0 203.0 0.0662 10601.4847
273.0 211.0 0.0914 10525.8872
294.0 196.0 0.0596 10621.3319
333.0 204.0 0.0778 10566.5432
356.0 218.0 0.0459 10662.4191
367.0 195.0 0.0039 10788.3592
398.0 193.0 0.0218 10734.5601
443.0 200.0 0.0055 10783.5477
454.0 216.0 0.0046 10786.1539
494.0 202.0 0.0048 10785.6205
7.0 247.0 0.0047 10785.9418
26.0 232.0 0.0036 10789.2260
56.0 237.0 0.0053 10783.9735
88.0 247.0 0.0770 10569.0992
127.0 221.0 0.0038 10788.6204
139.0 225.0 0.0045 10786.6451
183.0 233.0 0.0038 10788.6575
196.0 228.0 0.0323 10703.2208
232.0 225.0 0.1619 10314.2236
265.0 228.0 0.1030 10490.9539
285.0 235.0 0.0952 10514.3556
314.0 237.0 0.0741 10577.7258
339.0 228.0 0.0039 10788.1690
373.0 220.0 0.0615 10615.4675
394.0 239.0 0.0046 10786.1327
445.0 237.0 0.0042 10787.4743
458.0 228.0 0.0052 10784.5159
472.0 223.0 0.0043 10787.0820
17.0 270.0 0.0045 10786.5550
27.0 256.0 0.0039 10788.4166
58.0 270.0 0.0047 10785.8326
89.0 277.0 0.0045 10786.6282
140.0 268.0 0.0347 10695.8710
150.0 274.0 0.0136 10759.3348
169.0 252.0 0.1292 10412.4138
204.0 272.0 0.0821 10553.6640
244.0 252.0 0.0559 10632.3219
265.0 258.0 0.1550 10335.1128
278.0 271.0 0.0289 10713.3067
313.0 271.0 0.0822 10553.5270
344.0 251.0 0.0044 10786.8133
383.0 267.0 0.0042 10787.4200
393.0 249.0 0.0129 10761.1529
443.0 274.0 0.0053 10784.2111
449.0 263.0 0.0050 10784.8500
487.0 260.0 0.0042 10787.5109
5.0 279.0 0.0053 10784.0743
36.0 301.0 0.0041 10787.7631
62.0 287.0 0.0049 10785.2306
89.0 296.0 0.0136 10759.2652
127.0 288.0 0.0216 10735.0887
152.0 286.0 0.0234 10729.8300
170.0 289.0 0.0874 10537.6903
207.0 302.0 0.1450 10365.0781
237.0 281.0 0.1707 10287.9776
268.0 285.0 0.0086 10774.1731
305.0 302.0 0.0538 10638.7485
313.0 305.0 0.0664 10600.8652
336.0 292.0 0.0043 10787.0563
373.0 283.0 0.0213 10736.1541
415.0 280.0 0.0227 10731.9619
443.0 305.0 0.0042 10787.5392
450.0 299.0 0.0050 10785.0121
498.0 284.0 0.0049 10785.4283
28.0 333.0 0.0053 10784.1042
40.0 310.0 0.0052 10784.2593
69.0 316.0 0.0146 10756.0582
97.0 331.0 0.0043 10786.9879
113.0 307.0 0.0306 10708.0600
163.0 314.0 0.0288 10713.5137
177.0 314.0 0.0042 10787.4818
222.0 326.0 0.0041 10787.5614
243.0 331.0 0.0322 10703.4327
253.0 325.0 0.0457 10663.0174
292.0 312.0 0.0205 10738.4136
309.0 328.0 0.0580 10626.0013
338.0 305.0 0.0326 10702.2749
374.0 307.0 0.0040 10788.0197
399.0 323.0 0.0233 10729.9879
421.0 326.0 0.0234 10729.7029
472.0 332.0 0.0050 10784.9882
476.0 319.0 0.0051 10784.5791
24.0 341.0 0.0046 10786.0950
36.0 339.0 0.0054 10783.8874
67.0 333.0 0.0043 10787.1225
94.0 337.0 0.0242 10727.3186
122.0 356.0 0.0134 10759.7070
160.0 335.0 0.0047 10786.0416
195.0 337.0 0.0041 10787.6448
193.0 332.0 0.0038 10788.6319
223.0 348.0 0.0037 10788.8429
261.0 351.0 0.0371 10688.7726
277.0 338.0 0.0125 10762.6241
310.0 344.0 0.0310 10707.1011
345.0 344.0 0.0741 10577.8436
380.0 359.0 0.0048 10785.6102
392.0 344.0 0.0055 10783.3693
426.0 359.0 0.0052 10784.3953
459.0 358.0 0.0040 10788.0631
472.0 351.0 0.0048 10785.6940
9.0 374.0 0.0049 10785.3561
51.0 363.0 0.0049 10785.2317
65.0 370.0 0.0044 10786.9346
101.0 371.0 0.0141 10757.7323
119.0 361.0 0.0049 10785.3182
156.0 368.0 0.0307 10707.9308
187.0 371.0 0.0371 10688.6618
218.0 379.0 0.0132 10760.4780
223.0 369.0 0.0442 10667.3118
257.0 389.0 0.0323 10702.9733
278.0 372.0 0.0046 10786.0641
322.0 387.0 0.0756 10573.0661
347.0 376.0 0.0527 10641.8969
379.0 359.0 0.0046 10786.1081
410.0 374.0 0.0207 10737.9330
435.0 386.0 0.0054 10783.7256
472.0 370.0 0.0051 10784.5532
477.0 376.0 0.0041 10787.6197
23.0 416.0 0.0036 10789.3082
51.0 389.0 0.0046 10786.2878
78.0 407.0 0.0136 10759.2172
84.0 391.0 0.0212 10736.2764
117.0 391.0 0.0228 10731.5919
158.0 396.0 0.0298 10710.6208
167.0 403.0 0.0041 10787.6326
216.0 389.0 0.0051 10784.5670
231.0 404.0 0.0228 10731.7430
261.0 407.0 0.0127 10761.8619
292.0 400.0 0.0139 10758.4061
329.0 395.0 0.0039 10788.3460
354.0 399.0 0.0402 10679.2579
369.0 391.0 0.0055 10783.5095
406.0 401.0 0.0307 10707.8222
428.0 396.0 0.0137 10758.9830
456.0 392.0 0.0052 10784.2578
485.0 414.0 0.0047 10785.8679
3.0 415.0 0.0050 10785.1443
45.0 434.0 0.0046 10786.3456
79.0 444.0 0.0150 10754.8777
91.0 429.0 0.0055 10783.4107
119.0 421.0 0.0231 10730.5727
150.0 419.0 0.0151 10754.5691
168.0 436.0 0.0054 10783.8319
223.0 418.0 0.0253 10723.9616
224.0 424.0 0.0055 10783.5760
261.0 438.0 0.0051 10784.8166
283.0 432.0 0.0124 10762.7810
332.0 428.0 0.0055 10783.5475
356.0 434.0 0.0099 10770.2224
375.0 434.0 0.0037 10788.7798
414.0 445.0 0.0048 10785.5120
417.0 430.0 0.0143 10757.1776
461.0 420.0 0.0041 10787.6788
483.0 438.0 0.0051 10784.7013
0.0 464.0 0.0047 10785.9936
44.0 457.0 0.0047 10785.8855
83.0 444.0 0.0051 10784.5613
84.0 463.0 0.0040 10787.8703
131.0 461.0 0.0038 10788.5728
147.0 462.0 0.0051 10784.6201
174.0 459.0 0.0055 10783.4961
194.0 447.0 0.0048 10785.6423
234.0 463.0 0.0052 10784.5361
272.0 471.0 0.0046 10786.2348
298.0 464.0 0.0052 10784.5437
308.0 473.0 0.0055 10783.4289
360.0 448.0 0.0039 10788.3712
369.0 452.0 0.0126 10762.2903
389.0 467.0 0.0044 10786.8944
418.0 450.0 0.0046 10786.3379
464.0 453.0 0.0040 10787.9137
478.0 451.0 0.0051 10784.6777
3.0 491.0 0.0058 10782.6714
44.0 482.0 0.0046 10786.2869
65.0 488.0 0.0052 10784.2705
110.0 480.0 0.0053 10784.2498
118.0 475.0 0.0053 10784.2010
158.0 501.0 0.0049 10785.3357
179.0 492.0 0.0056 10783.0700
215.0 483.0 0.0049 10785.1919
250.0 491.0 0.0052 10784.5062
279.0 491.0 0.0046 10786.2334
286.0 472.0 0.0046 10786.2618
307.0 483.0 0.0047 10785.9478
342.0 490.0 0.0042 10787.3022
375.0 479.0 0.0042 10787.3538
404.0 484.0 0.0052 10784.4556
440.0 501.0 0.0047 10785.9157
470.0 471.0 0.0049 10785.2819
486.0 482.0 0.0051 10784.6930
463.0 342.0 0.0038 10788.5635
390.0 330.0 0.0515 10645.3747
304.0 474.0 0.0055 10783.6001
2.0 54.0 0.0048 10785.6334
23.0 180.0 0.0043 10786.9755
202.0 331.0 0.0798 10560.5781
171.0 231.0 0.0302 10709.3953
291.0 306.0 0.1528 10341.6593
493.0 358.0 0.0050 10784.8916
392.0 327.0 0.0050 10784.8982
123.0 367.0 0.0236 10729.0632
19.0 380.0 0.0135 10759.4310
447.0 100.0 0.0212 10736.4240
258.0 199.0 0.0583 10625.1963
344.0 420.0 0.0137 10758.8368
162.0 82.0 0.0050 10784.9054
461.0 48.0 0.0048 10785.6078
174.0 320.0 0.0203 10739.0517
127.0 326.0 0.0487 10653.8118
197.0 3.0 0.0050 10784.8507
339.0 239.0 0.0996 10501.0545
419.0 498.0 0.0050 10785.1449
128.0 33.0 0.0037 10789.0430
64.0 43.0 0.0041 10787.6629
431.0 198.0 0.0125 10762.4528
92.0 136.0 0.0229 10731.4135
