13.0 9.0 0.0042 10787.3721
38.0 10.0 0.0049 10785.1665
66.0 14.0 0.0048 10785.5165
99.0 11.0 0.0047 10785.8522
124.0 18.0 0.0050 10785.0208
151.0 15.0 0.0050 10784.8887
178.0 12.0 0.0046 10786.1932
207.0 14.0 0.0047 10785.9650
232.0 15.0 0.0054 10783.8293
263.0 10.0 0.0056 10783.2903
291.0 10.0 0.0056 10783.3319
319.0 11.0 0.0050 10785.1045
345.0 11.0 0.0052 10784.4829
373.0 15.0 0.0050 10784.9739
406.0 13.0 0.0041 10787.6068
427.0 11.0 0.0042 10787.3213
456.0 12.0 0.0050 10784.9016
485.0 11.0 0.0044 10786.8270
12.0 43.0 0.0043 10787.1083
44.0 38.0 0.0047 10785.9115
67.0 45.0 0.0050 10785.0468
98.0 45.0 0.0046 10786.0523
122.0 44.0 0.0047 10785.7916
151.0 45.0 0.0054 10783.8139
181.0 44.0 0.0048 10785.6205
206.0 43.0 0.0049 10785.2151
231.0 41.0 0.0053 10784.2272
264.0 39.0 0.0047 10786.0453
292.0 39.0 0.0054 10783.8839
317.0 44.0 0.0049 10785.2177
350.0 40.0 0.0050 10784.9652
371.0 39.0 0.0043 10787.0476
403.0 39.0 0.0045 10786.5127
426.0 38.0 0.0045 10786.4196
455.0 38.0 0.0047 10786.0465
484.0 43.0 0.0041 10787.6736
11.0 73.0 0.0044 10786.6521
44.0 69.0 0.0045 10786.5092
69.0 69.0 0.0137 10758.9727
93.0 70.0 0.0131 10760.7823
124.0 68.0 0.0138 10758.5425
156.0 69.0 0.0047 10785.9136
176.0 67.0 0.0146 10756.1350
206.0 70.0 0.0046 10786.2891
237.0 73.0 0.0050 10784.9991
260.0 66.0 0.0054 10783.7648
294.0 69.0 0.0049 10785.4153
315.0 68.0 0.0051 10784.6674
350.0 73.0 0.0127 10762.0047
373.0 69.0 0.0199 10740.2843
405.0 66.0 0.0045 10786.5904
431.0 66.0 0.0136 10759.1028
457.0 72.0 0.0054 10783.8799
484.0 67.0 0.0046 10786.2806
13.0 97.0 0.0055 10783.5374
42.0 93.0 0.0043 10787.0609
72.0 100.0 0.0131 10760.6268
100.0 100.0 0.0202 10739.4544
123.0 95.0 0.0130 10760.9192
150.0 100.0 0.0321 10703.7096
183.0 101.0 0.0049 10785.3414
208.0 93.0 0.0136 10759.2797
237.0 93.0 0.0143 10756.9568
260.0 98.0 0.0250 10724.9555
291.0 100.0 0.0140 10758.0657
320.0 100.0 0.0297 10710.8691
346.0 93.0 0.0228 10731.7484
374.0 100.0 0.0216 10735.2465
406.0 95.0 0.0136 10759.3064
432.0 93.0 0.0318 10704.5080
457.0 99.0 0.0051 10784.6485
486.0 99.0 0.0045 10786.4911
14.0 125.0 0.0052 10784.5271
43.0 121.0 0.0048 10785.4549
69.0 128.0 0.0143 10757.1166
97.0 126.0 0.0309 10707.3040
123.0 121.0 0.0046 10786.0965
151.0 123.0 0.0322 10703.4005
182.0 127.0 0.0331 10700.6669
206.0 125.0 0.0139 10758.2933
233.0 127.0 0.0230 10730.9169
260.0 124.0 0.0131 10760.5819
291.0 125.0 0.0247 10725.8428
320.0 125.0 0.0323 10703.0467
346.0 128.0 0.0207 10737.9506
373.0 126.0 0.0299 10710.2128
399.0 123.0 0.0053 10784.1722
431.0 124.0 0.0049 10785.1646
458.0 121.0 0.0052 10784.4326
486.0 128.0 0.0051 10784.6081
18.0 152.0 0.0047 10785.8808
40.0 150.0 0.0049 10785.4014
67.0 154.0 0.0045 10786.4583
99.0 153.0 0.0398 10680.4995
125.0 148.0 0.0130 10760.9656
153.0 154.0 0.0468 10659.5315
182.0 151.0 0.0292 10712.3601
209.0 148.0 0.0312 10706.4110
237.0 156.0 0.0051 10784.7119
260.0 156.0 0.0416 10675.0905
292.0 156.0 0.0405 10678.5812
318.0 154.0 0.0635 10609.5098
346.0 155.0 0.0234 10729.7963
370.0 150.0 0.0380 10685.9531
404.0 155.0 0.0152 10754.5027
428.0 150.0 0.0142 10757.5449
454.0 154.0 0.0051 10784.6979
488.0 155.0 0.0050 10784.9395
9.0 183.0 0.0051 10784.7112
39.0 179.0 0.0046 10786.2020
71.0 184.0 0.0044 10786.8346
96.0 181.0 0.0232 10730.4601
121.0 182.0 0.0220 10733.8792
153.0 184.0 0.0423 10673.0147
183.0 176.0 0.1184 10444.9382
207.0 181.0 0.0299 10710.2652
238.0 181.0 0.0465 10660.5597
267.0 181.0 0.0207 10737.8924
294.0 178.0 0.0393 10682.0483
318.0 181.0 0.0561 10631.8469
347.0 177.0 0.0217 10734.7908
373.0 184.0 0.0247 10726.0312
402.0 178.0 0.0139 10758.1660
428.0 183.0 0.0056 10783.2716
456.0 184.0 0.0055 10783.6258
489.0 182.0 0.0053 10783.9901
15.0 207.0 0.0058 10782.5864
38.0 205.0 0.0052 10784.3592
68.0 212.0 0.0047 10785.9438
98.0 209.0 0.0144 10756.9368
125.0 207.0 0.0331 10700.7550
148.0 212.0 0.0127 10761.9740
184.0 205.0 0.0975 10507.3580
212.0 209.0 0.0755 10573.5100
238.0 208.0 0.0755 10573.5135
260.0 208.0 0.1393 10381.9609
287.0 207.0 0.0257 10722.9821
318.0 205.0 0.1082 10475.3886
345.0 211.0 0.0147 10755.8153
373.0 205.0 0.0148 10755.6781
404.0 206.0 0.0233 10730.1776
432.0 209.0 0.0056 10783.2151
460.0 204.0 0.0053 10784.0269
489.0 212.0 0.0046 10786.1696
13.0 236.0 0.0049 10785.3290
44.0 239.0 0.0048 10785.6668
73.0 232.0 0.0048 10785.6192
97.0 239.0 0.0247 10725.8460
128.0 236.0 0.0135 10759.4697
151.0 233.0 0.0134 10759.9323
183.0 239.0 0.0679 10596.2038
205.0 238.0 0.0314 10705.8676
237.0 238.0 0.1381 10385.6461
262.0 236.0 0.1250 10424.9943
294.0 236.0 0.0721 10583.7159
320.0 234.0 0.0278 10716.5437
346.0 234.0 0.0134 10759.7502
376.0 235.0 0.0396 10681.1038
400.0 239.0 0.0215 10735.5130
429.0 239.0 0.0052 10784.4389
460.0 239.0 0.0051 10784.7893
482.0 234.0 0.0042 10787.2641
14.0 267.0 0.0053 10784.2310
41.0 267.0 0.0054 10783.8474
70.0 260.0 0.0047 10786.0295
100.0 266.0 0.0143 10757.1987
126.0 260.0 0.0144 10756.7469
151.0 262.0 0.0314 10705.9182
180.0 267.0 0.0283 10715.1804
207.0 267.0 0.0648 10605.5441
237.0 261.0 0.1204 10438.7594
266.0 262.0 0.1114 10465.8720
289.0 260.0 0.0636 10609.3162
320.0 264.0 0.0761 10571.8141
344.0 264.0 0.0320 10704.0017
373.0 264.0 0.0136 10759.2686
405.0 259.0 0.0056 10783.1440
427.0 263.0 0.0048 10785.4942
459.0 264.0 0.0050 10785.1248
483.0 261.0 0.0049 10785.3999
10.0 293.0 0.0051 10784.7615
37.0 289.0 0.0050 10784.9810
68.0 295.0 0.0050 10785.0797
97.0 291.0 0.0232 10730.4871
128.0 287.0 0.0137 10758.7775
151.0 294.0 0.0325 10702.4083
180.0 289.0 0.0948 10515.6188
206.0 288.0 0.1083 10475.0221
236.0 291.0 0.1377 10386.8496
264.0 295.0 0.0579 10626.4109
289.0 295.0 0.1070 10479.0222
322.0 294.0 0.0762 10571.4386
346.0 295.0 0.0319 10704.3324
373.0 294.0 0.0419 10674.3913
400.0 289.0 0.0226 10732.3424
428.0 294.0 0.0053 10784.1255
461.0 289.0 0.0057 10782.7857
483.0 293.0 0.0049 10785.4283
12.0 318.0 0.0053 10783.9718
43.0 321.0 0.0044 10786.8150
66.0 321.0 0.0245 10726.5219
98.0 320.0 0.0045 10786.3509
122.0 318.0 0.0524 10642.9244
152.0 316.0 0.0479 10656.2034
178.0 320.0 0.0944 10516.8722
211.0 321.0 0.0209 10737.3630
237.0 321.0 0.0549 10635.3996
263.0 316.0 0.0410 10676.8908
290.0 316.0 0.0289 10713.3562
319.0 315.0 0.0445 10666.5342
344.0 319.0 0.0495 10651.4732
377.0 317.0 0.0124 10762.9370
403.0 316.0 0.0134 10759.7656
429.0 316.0 0.0047 10785.7958
454.0 321.0 0.0052 10784.2688
483.0 322.0 0.0055 10783.6461
11.0 349.0 0.0053 10784.1617
44.0 350.0 0.0054 10783.6784
67.0 348.0 0.0050 10784.9203
99.0 346.0 0.0142 10757.4185
124.0 345.0 0.0210 10736.8629
149.0 349.0 0.0140 10758.0508
184.0 347.0 0.0387 10683.7722
209.0 347.0 0.0035 10789.4329
234.0 348.0 0.0337 10698.9009
260.0 351.0 0.0053 10783.9643
289.0 345.0 0.0322 10703.3892
320.0 344.0 0.0051 10784.5612
349.0 350.0 0.0551 10634.6405
377.0 347.0 0.0474 10657.6784
405.0 343.0 0.0127 10761.8289
431.0 349.0 0.0133 10760.1953
458.0 346.0 0.0047 10785.9609
485.0 344.0 0.0049 10785.2906
11.0 377.0 0.0046 10786.3389
44.0 377.0 0.0050 10784.8924
67.0 378.0 0.0051 10784.7712
93.0 372.0 0.0371 10688.6772
122.0 374.0 0.0377 10687.0248
149.0 373.0 0.0140 10757.8560
180.0 371.0 0.0511 10646.6160
208.0 376.0 0.0244 10726.7937
238.0 371.0 0.0045 10786.3608
264.0 378.0 0.0221 10733.5952
289.0 371.0 0.0394 10681.9092
322.0 371.0 0.0133 10760.1315
348.0 377.0 0.0137 10759.0426
375.0 376.0 0.0391 10682.8008
399.0 376.0 0.0307 10707.8562
426.0 376.0 0.0138 10758.5939
454.0 377.0 0.0049 10785.4267
485.0 377.0 0.0049 10785.3848
10.0 402.0 0.0049 10785.2574
37.0 399.0 0.0053 10783.9705
66.0 398.0 0.0043 10787.1734
98.0 399.0 0.0233 10730.1908
123.0 403.0 0.0132 10760.4220
153.0 404.0 0.0240 10728.1223
178.0 399.0 0.0136 10759.2213
209.0 403.0 0.0340 10697.8594
236.0 403.0 0.0134 10759.7248
264.0 402.0 0.0212 10736.3669
295.0 400.0 0.0144 10756.7859
317.0 399.0 0.0045 10786.5744
348.0 403.0 0.0127 10762.0291
373.0 402.0 0.0056 10783.2485
400.0 402.0 0.0192 10742.5169
427.0 401.0 0.0126 10762.3383
456.0 404.0 0.0049 10785.4329
489.0 399.0 0.0042 10787.4412
17.0 431.0 0.0051 10784.5960
45.0 431.0 0.0041 10787.8345
68.0 427.0 0.0131 10760.5765
96.0 428.0 0.0306 10708.0761
121.0 426.0 0.0139 10758.3249
152.0 430.0 0.0057 10782.9180
176.0 431.0 0.0052 10784.3410
206.0 429.0 0.0050 10784.8897
233.0 431.0 0.0056 10783.3064
263.0 428.0 0.0049 10785.2129
295.0 426.0 0.0131 10760.5885
318.0 429.0 0.0057 10782.8034
350.0 431.0 0.0138 10758.6824
372.0 427.0 0.0043 10787.1670
403.0 426.0 0.0140 10757.8508
433.0 433.0 0.0044 10786.8541
459.0 427.0 0.0047 10785.7971
487.0 426.0 0.0047 10786.0411
13.0 462.0 0.0050 10784.8692
43.0 457.0 0.0045 10786.5154
70.0 459.0 0.0053 10784.1486
97.0 455.0 0.0044 10786.8879
121.0 456.0 0.0048 10785.4514
152.0 460.0 0.0046 10786.1104
184.0 461.0 0.0054 10783.7835
208.0 457.0 0.0046 10786.0806
236.0 462.0 0.0054 10783.6839
265.0 461.0 0.0046 10786.3027
289.0 458.0 0.0053 10784.2133
317.0 456.0 0.0059 10782.4462
343.0 456.0 0.0048 10785.5101
374.0 457.0 0.0047 10785.7986
403.0 456.0 0.0140 10758.0398
433.0 456.0 0.0049 10785.3346
459.0 462.0 0.0044 10786.8075
483.0 456.0 0.0045 10786.5175
13.0 488.0 0.0051 10784.6832
40.0 488.0 0.0046 10786.3393
72.0 487.0 0.0047 10785.8973
98.0 482.0 0.0047 10785.9032
126.0 482.0 0.0048 10785.6354
149.0 484.0 0.0056 10783.2584
178.0 483.0 0.0056 10783.1396
209.0 489.0 0.0053 10784.0340
235.0 488.0 0.0048 10785.6222
265.0 483.0 0.0043 10787.1431
288.0 483.0 0.0044 10786.9406
320.0 486.0 0.0052 10784.4981
349.0 484.0 0.0040 10787.9078
375.0 484.0 0.0044 10786.8743
405.0 488.0 0.0046 10786.2006
428.0 486.0 0.0049 10785.2947
456.0 487.0 0.0046 10786.3024
486.0 488.0 0.0054 10783.8641
143.0 250.0 0.0034 10789.7516
14.0 195.0 0.0051 10784.7095
439.0 191.0 0.0046 10786.3469
403.0 188.0 0.0145 10756.4752
154.0 364.0 0.0373 10688.0246
338.0 21.0 0.0043 10787.0009
122.0 171.0 0.0193 10742.0800
462.0 222.0 0.0048 10785.4749
269.0 199.0 0.0527 10641.9070
41.0 195.0 0.0052 10784.2864
17.0 396.0 0.0055 10783.4695
472.0 26.0 0.0045 10786.4714
196.0 249.0 0.0031 10790.5946
54.0 376.0 0.0053 10784.2055
445.0 434.0 0.0042 10787.4240
287.0 72.0 0.0152 10754.4478
253.0 329.0 0.0049 10785.3300
47.0 345.0 0.0046 10786.1935
286.0 198.0 0.0033 10789.9560
193.0 190.0 0.0045 10786.4921
22.0 56.0 0.0052 10784.3401
32.0 478.0 0.0043 10787.1980
284.0 338.0 0.0198 10740.5708
71.0 454.0 0.0043 10787.2060
111.0 7.0 0.0053 10784.1370
118.0 472.0 0.0044 10786.7208
