8.0 13.0 0.0043 10787.1267
44.0 17.0 0.0052 10784.4775
66.0 10.0 0.0050 10785.0838
101.0 8.0 0.0044 10786.6664
127.0 9.0 0.0045 10786.3822
151.0 10.0 0.0054 10783.9185
181.0 9.0 0.0046 10786.2375
211.0 16.0 0.0049 10785.3581
234.0 18.0 0.0051 10784.8245
266.0 12.0 0.0052 10784.2738
290.0 12.0 0.0051 10784.5507
314.0 15.0 0.0043 10787.1258
344.0 11.0 0.0056 10783.2940
375.0 15.0 0.0048 10785.6213
401.0 11.0 0.0037 10788.7789
426.0 14.0 0.0046 10786.0927
461.0 9.0 0.0050 10784.9414
482.0 12.0 0.0048 10785.5761
19.0 44.0 0.0037 10788.9666
45.0 43.0 0.0041 10787.8108
72.0 43.0 0.0046 10786.3380
96.0 42.0 0.0048 10785.4595
130.0 47.0 0.0052 10784.4479
148.0 36.0 0.0054 10783.9364
182.0 44.0 0.0046 10786.1834
208.0 42.0 0.0048 10785.6626
241.0 42.0 0.0048 10785.4992
259.0 43.0 0.0048 10785.5984
294.0 40.0 0.0056 10783.2707
324.0 41.0 0.0046 10786.2179
347.0 42.0 0.0047 10786.0333
377.0 42.0 0.0051 10784.5706
408.0 37.0 0.0040 10788.0686
428.0 38.0 0.0045 10786.4572
459.0 38.0 0.0042 10787.3434
490.0 37.0 0.0049 10785.3578
13.0 71.0 0.0047 10786.0239
42.0 65.0 0.0050 10784.8964
66.0 73.0 0.0132 10760.4821
95.0 64.0 0.0045 10786.5411
125.0 66.0 0.0142 10757.3345
154.0 72.0 0.0128 10761.6716
175.0 72.0 0.0152 10754.4907
204.0 70.0 0.0052 10784.3213
233.0 65.0 0.0051 10784.8118
268.0 72.0 0.0050 10785.0132
294.0 69.0 0.0047 10785.8666
315.0 67.0 0.0148 10755.7168
350.0 66.0 0.0127 10761.7802
369.0 66.0 0.0041 10787.6052
405.0 72.0 0.0139 10758.2794
426.0 74.0 0.0126 10762.3060
460.0 70.0 0.0049 10785.3644
481.0 73.0 0.0052 10784.4936
9.0 101.0 0.0055 10783.4651
37.0 94.0 0.0043 10787.0216
65.0 99.0 0.0218 10734.4936
91.0 100.0 0.0223 10733.2232
129.0 99.0 0.0141 10757.5828
148.0 101.0 0.0138 10758.6396
176.0 95.0 0.0235 10729.3599
213.0 94.0 0.0144 10756.7514
232.0 101.0 0.0246 10726.2575
268.0 96.0 0.0258 10722.5636
297.0 93.0 0.0134 10759.9237
313.0 94.0 0.0151 10754.6705
342.0 102.0 0.0049 10785.2236
374.0 98.0 0.0213 10736.1893
404.0 97.0 0.0212 10736.4193
426.0 92.0 0.0133 10760.0665
457.0 93.0 0.0043 10787.2110
480.0 95.0 0.0048 10785.4858
14.0 119.0 0.0043 10787.0486
39.0 121.0 0.0046 10786.2924
67.0 129.0 0.0048 10785.7413
95.0 124.0 0.0148 10755.7061
120.0 129.0 0.0048 10785.5033
154.0 126.0 0.0127 10761.9569
175.0 124.0 0.0146 10756.2510
207.0 122.0 0.0131 10760.5762
241.0 122.0 0.0223 10733.2140
267.0 130.0 0.0129 10761.3441
288.0 128.0 0.0315 10705.4968
321.0 121.0 0.0321 10703.7298
345.0 126.0 0.0128 10761.6891
370.0 124.0 0.0320 10703.9823
405.0 129.0 0.0248 10725.5413
435.0 119.0 0.0051 10784.7071
455.0 128.0 0.0052 10784.2858
483.0 129.0 0.0047 10785.8540
9.0 157.0 0.0041 10787.6556
45.0 158.0 0.0048 10785.5510
74.0 153.0 0.0046 10786.1032
100.0 148.0 0.0125 10762.4718
129.0 151.0 0.0283 10714.9639
153.0 147.0 0.0223 10733.1506
182.0 151.0 0.0210 10737.0071
204.0 157.0 0.0442 10667.4281
235.0 152.0 0.0333 10700.2352
266.0 149.0 0.0132 10760.4860
292.0 151.0 0.0236 10729.1157
320.0 155.0 0.0645 10606.4183
345.0 156.0 0.0281 10715.7057
371.0 152.0 0.0466 10660.2268
405.0 148.0 0.0230 10731.1364
427.0 156.0 0.0046 10786.3348
452.0 147.0 0.0049 10785.4482
482.0 152.0 0.0044 10786.8920
10.0 185.0 0.0054 10783.8408
45.0 178.0 0.0046 10786.1232
68.0 176.0 0.0134 10759.7015
99.0 177.0 0.0321 10703.8314
129.0 178.0 0.0494 10651.7741
149.0 182.0 0.0126 10762.2076
184.0 184.0 0.0140 10757.8876
206.0 179.0 0.0489 10653.3414
232.0 186.0 0.0036 10789.2989
262.0 185.0 0.0914 10525.6840
289.0 178.0 0.0489 10653.2267
316.0 185.0 0.0625 10612.4067
352.0 180.0 0.0307 10707.8978
377.0 182.0 0.0308 10707.6225
405.0 175.0 0.0143 10757.0216
429.0 180.0 0.0056 10783.3363
460.0 177.0 0.0053 10784.1782
484.0 177.0 0.0055 10783.5964
12.0 204.0 0.0060 10782.1296
47.0 209.0 0.0049 10785.3581
64.0 206.0 0.0136 10759.3494
102.0 206.0 0.0138 10758.4566
121.0 210.0 0.0140 10758.0394
150.0 205.0 0.0366 10690.3077
180.0 205.0 0.1166 10450.2298
212.0 205.0 0.0837 10548.9190
231.0 203.0 0.0376 10687.3364
265.0 212.0 0.1493 10352.0689
287.0 205.0 0.0313 10706.0214
316.0 206.0 0.0048 10785.6817
347.0 210.0 0.0405 10678.4108
375.0 209.0 0.0052 10784.5255
400.0 207.0 0.0219 10734.3602
426.0 203.0 0.0050 10785.0976
453.0 209.0 0.0048 10785.4937
487.0 204.0 0.0047 10785.8120
18.0 236.0 0.0054 10783.9139
38.0 231.0 0.0049 10785.2153
74.0 230.0 0.0050 10784.9220
95.0 236.0 0.0251 10724.5879
124.0 238.0 0.0222 10733.4022
153.0 235.0 0.0047 10785.8847
181.0 235.0 0.0464 10660.6657
204.0 233.0 0.1000 10499.9409
236.0 240.0 0.0594 10621.8613
258.0 231.0 0.0832 10550.3201
290.0 231.0 0.0369 10689.3173
322.0 234.0 0.0628 10611.5315
350.0 236.0 0.0234 10729.8441
373.0 236.0 0.0329 10701.2933
398.0 232.0 0.0227 10731.8685
427.0 238.0 0.0144 10756.9190
459.0 234.0 0.0052 10784.3760
482.0 234.0 0.0044 10786.9270
15.0 258.0 0.0050 10784.8836
38.0 265.0 0.0051 10784.7383
74.0 265.0 0.0047 10785.7939
94.0 264.0 0.0033 10790.1377
119.0 259.0 0.0230 10730.9615
156.0 259.0 0.0376 10687.2911
185.0 258.0 0.0111 10766.6067
203.0 261.0 0.1476 10357.1488
232.0 269.0 0.0511 10646.6346
259.0 264.0 0.1648 10305.6058
289.0 264.0 0.1116 10465.1163
316.0 266.0 0.0509 10647.4099
343.0 262.0 0.0226 10732.2640
375.0 260.0 0.0149 10755.3218
400.0 266.0 0.0145 10756.4144
434.0 260.0 0.0051 10784.5890
453.0 261.0 0.0048 10785.5700
483.0 259.0 0.0052 10784.3950
17.0 296.0 0.0046 10786.1784
36.0 290.0 0.0048 10785.4798
64.0 296.0 0.0138 10758.6734
97.0 294.0 0.0229 10731.3552
127.0 293.0 0.0136 10759.2520
149.0 289.0 0.0317 10705.0202
182.0 295.0 0.1239 10428.2993
204.0 288.0 0.0735 10579.5094
232.0 287.0 0.0442 10667.3854
266.0 292.0 0.0637 10608.9658
290.0 295.0 0.0764 10570.8035
319.0 295.0 0.0393 10682.1497
352.0 295.0 0.0195 10741.6456
378.0 291.0 0.0130 10760.9910
399.0 294.0 0.0048 10785.7049
435.0 292.0 0.0048 10785.7224
453.0 295.0 0.0055 10783.5059
481.0 287.0 0.0049 10785.3096
13.0 321.0 0.0052 10784.3909
41.0 316.0 0.0051 10784.5709
66.0 319.0 0.0053 10784.0718
98.0 319.0 0.0045 10786.4080
129.0 322.0 0.0236 10729.3023
148.0 321.0 0.0383 10685.2160
175.0 314.0 0.0330 10700.8544
203.0 322.0 0.0589 10623.3754
234.0 319.0 0.0526 10642.0552
264.0 318.0 0.0436 10669.1389
296.0 313.0 0.0969 10509.3177
324.0 316.0 0.0742 10577.3183
351.0 320.0 0.0601 10619.7990
374.0 321.0 0.0326 10702.1084
401.0 316.0 0.0226 10732.1747
433.0 318.0 0.0046 10786.0723
453.0 320.0 0.0049 10785.3235
487.0 319.0 0.0051 10784.7170
9.0 352.0 0.0046 10786.2050
42.0 343.0 0.0060 10782.0166
66.0 351.0 0.0051 10784.6997
101.0 349.0 0.0228 10731.4910
124.0 344.0 0.0291 10712.6417
155.0 350.0 0.0485 10654.3973
180.0 347.0 0.0315 10705.3635
207.0 347.0 0.0386 10684.2711
236.0 348.0 0.0140 10757.8580
266.0 342.0 0.0703 10589.0401
289.0 344.0 0.0223 10733.2212
320.0 351.0 0.0306 10708.2553
342.0 347.0 0.0195 10741.4830
373.0 346.0 0.0137 10758.9329
407.0 347.0 0.0145 10756.3531
435.0 347.0 0.0057 10782.9485
454.0 348.0 0.0046 10786.2700
484.0 342.0 0.0049 10785.2236
17.0 371.0 0.0051 10784.6510
45.0 377.0 0.0050 10785.0067
67.0 372.0 0.0046 10786.2511
93.0 376.0 0.0205 10738.6492
130.0 370.0 0.0234 10729.9212
154.0 379.0 0.0505 10648.4312
185.0 379.0 0.0125 10762.3537
203.0 371.0 0.0148 10755.4586
238.0 380.0 0.0116 10765.1120
265.0 373.0 0.0308 10707.6774
292.0 371.0 0.0044 10786.8913
322.0 369.0 0.0209 10737.1840
345.0 377.0 0.0214 10735.8707
373.0 373.0 0.0284 10714.8432
406.0 379.0 0.0133 10760.0432
429.0 371.0 0.0129 10761.2896
454.0 374.0 0.0051 10784.7910
490.0 372.0 0.0049 10785.4337
11.0 406.0 0.0048 10785.5581
46.0 403.0 0.0045 10786.5207
72.0 404.0 0.0043 10787.0230
98.0 402.0 0.0302 10709.3074
127.0 398.0 0.0140 10757.8714
154.0 402.0 0.0122 10763.4551
180.0 405.0 0.0240 10728.0727
212.0 397.0 0.0140 10758.1075
235.0 406.0 0.0141 10757.6698
265.0 398.0 0.0139 10758.3831
296.0 405.0 0.0187 10743.8880
324.0 397.0 0.0046 10786.1781
344.0 408.0 0.0129 10761.3932
373.0 400.0 0.0230 10731.0988
403.0 405.0 0.0129 10761.4295
433.0 400.0 0.0139 10758.2785
456.0 404.0 0.0145 10756.3897
487.0 399.0 0.0046 10786.1731
12.0 426.0 0.0054 10783.7675
40.0 425.0 0.0038 10788.4831
68.0 425.0 0.0141 10757.7623
102.0 432.0 0.0286 10714.1797
127.0 434.0 0.0054 10783.7359
151.0 431.0 0.0148 10755.5094
178.0 433.0 0.0053 10783.9792
202.0 431.0 0.0055 10783.5814
238.0 425.0 0.0143 10756.9947
268.0 426.0 0.0049 10785.4315
293.0 427.0 0.0133 10760.1859
318.0 435.0 0.0053 10784.1773
343.0 430.0 0.0133 10759.9828
375.0 434.0 0.0128 10761.5794
405.0 430.0 0.0140 10758.0642
429.0 435.0 0.0045 10786.4386
456.0 428.0 0.0054 10783.9306
485.0 433.0 0.0050 10785.0969
16.0 457.0 0.0050 10784.9257
39.0 458.0 0.0046 10786.2455
64.0 455.0 0.0048 10785.6805
94.0 453.0 0.0040 10787.9477
129.0 460.0 0.0047 10786.0105
152.0 458.0 0.0050 10785.1054
178.0 453.0 0.0052 10784.4897
213.0 461.0 0.0049 10785.3281
233.0 455.0 0.0054 10783.9181
264.0 457.0 0.0046 10786.1103
293.0 457.0 0.0054 10783.6839
323.0 463.0 0.0055 10783.4329
342.0 459.0 0.0045 10786.5774
370.0 458.0 0.0048 10785.6693
399.0 461.0 0.0051 10784.6273
429.0 453.0 0.0043 10787.2162
454.0 458.0 0.0038 10788.6323
483.0 459.0 0.0044 10786.7350
16.0 482.0 0.0048 10785.7173
38.0 487.0 0.0047 10785.8912
71.0 486.0 0.0054 10783.6697
98.0 488.0 0.0044 10786.8631
123.0 487.0 0.0053 10784.1613
149.0 486.0 0.0052 10784.4226
175.0 491.0 0.0056 10783.0578
202.0 483.0 0.0054 10783.9052
233.0 491.0 0.0048 10785.6187
266.0 491.0 0.0038 10788.7243
293.0 489.0 0.0043 10787.0181
315.0 488.0 0.0047 10785.7900
352.0 486.0 0.0043 10787.1767
374.0 485.0 0.0042 10787.3666
398.0 489.0 0.0047 10785.9167
435.0 491.0 0.0045 10786.5869
457.0 487.0 0.0043 10786.9878
485.0 489.0 0.0055 10783.4738
159.0 406.0 0.0124 10762.9482
25.0 145.0 0.0048 10785.6480
38.0 343.0 0.0052 10784.4790
364.0 372.0 0.0055 10783.6015
196.0 342.0 0.0211 10736.5775
405.0 127.0 0.0050 10785.0073
26.0 473.0 0.0052 10784.4537
266.0 347.0 0.0046 10786.1997
425.0 69.0 0.0050 10785.1046
235.0 254.0 0.0759 10572.3161
494.0 271.0 0.0044 10786.9256
161.0 183.0 0.0240 10727.9029
377.0 376.0 0.0131 10760.5840
109.0 250.0 0.0043 10787.1221
311.0 202.0 0.0707 10587.7894
226.0 254.0 0.0276 10717.2617
398.0 107.0 0.0141 10757.8253
336.0 112.0 0.0047 10785.9370
358.0 362.0 0.0396 10681.3106
86.0 269.0 0.0038 10788.6000
310.0 253.0 0.0181 10745.8441
220.0 392.0 0.0046 10786.2972
129.0 133.0 0.0225 10732.5593
236.0 109.0 0.0040 10787.9983
173.0 172.0 0.0523 10643.2110
120.0 101.0 0.0147 10756.0013
