11.0 11.0 0.0048 10785.5216
44.0 20.0 0.0057 10782.7635
73.0 16.0 0.0042 10787.5336
92.0 10.0 0.0047 10786.0123
119.0 8.0 0.0044 10786.6999
158.0 19.0 0.0055 10783.5133
176.0 12.0 0.0048 10785.7303
202.0 19.0 0.0051 10784.5901
235.0 19.0 0.0049 10785.2163
263.0 14.0 0.0057 10782.8332
296.0 8.0 0.0051 10784.6049
325.0 12.0 0.0046 10786.3141
349.0 18.0 0.0045 10786.5373
372.0 14.0 0.0049 10785.3924
402.0 17.0 0.0046 10786.0980
437.0 12.0 0.0048 10785.5606
451.0 11.0 0.0044 10786.9218
479.0 10.0 0.0041 10787.5639
7.0 36.0 0.0045 10786.5295
44.0 43.0 0.0046 10786.2055
66.0 43.0 0.0052 10784.2714
96.0 35.0 0.0051 10784.6886
128.0 34.0 0.0049 10785.3035
148.0 43.0 0.0056 10783.2648
185.0 40.0 0.0051 10784.6109
214.0 41.0 0.0050 10784.9742
237.0 34.0 0.0052 10784.4180
263.0 36.0 0.0047 10785.9438
285.0 47.0 0.0053 10784.2388
312.0 46.0 0.0046 10786.1020
352.0 37.0 0.0048 10785.6149
376.0 40.0 0.0048 10785.4884
409.0 44.0 0.0053 10784.1269
428.0 43.0 0.0049 10785.2906
463.0 47.0 0.0040 10787.9066
490.0 47.0 0.0049 10785.3772
18.0 73.0 0.0050 10785.0360
46.0 74.0 0.0042 10787.5438
75.0 74.0 0.0131 10760.8413
91.0 75.0 0.0049 10785.4091
123.0 63.0 0.0231 10730.7384
158.0 75.0 0.0138 10758.5309
179.0 76.0 0.0052 10784.3078
211.0 75.0 0.0051 10784.6514
239.0 74.0 0.0049 10785.4062
258.0 63.0 0.0134 10759.9381
293.0 65.0 0.0048 10785.4838
322.0 69.0 0.0049 10785.2706
346.0 74.0 0.0050 10785.0843
368.0 73.0 0.0130 10760.9554
399.0 64.0 0.0139 10758.2025
431.0 65.0 0.0135 10759.5949
461.0 75.0 0.0048 10785.7269
481.0 64.0 0.0048 10785.5338
11.0 100.0 0.0054 10783.8242
34.0 99.0 0.0044 10786.8829
73.0 91.0 0.0129 10761.2380
101.0 102.0 0.0227 10731.8988
125.0 90.0 0.0138 10758.6440
149.0 98.0 0.0144 10756.7627
186.0 104.0 0.0130 10760.9293
203.0 96.0 0.0126 10762.0613
240.0 100.0 0.0326 10702.3112
259.0 98.0 0.0062 10781.3258
286.0 94.0 0.0143 10757.2264
317.0 103.0 0.0057 10782.8840
352.0 92.0 0.0314 10705.8254
379.0 103.0 0.0136 10759.0573
400.0 92.0 0.0190 10743.0894
427.0 103.0 0.0138 10758.7415
462.0 94.0 0.0046 10786.2848
486.0 103.0 0.0054 10783.8950
8.0 119.0 0.0048 10785.5464
40.0 118.0 0.0044 10786.6556
71.0 127.0 0.0049 10785.3977
95.0 127.0 0.0301 10709.7311
125.0 129.0 0.0041 10787.6035
149.0 118.0 0.0303 10709.2075
174.0 128.0 0.0499 10650.3120
202.0 129.0 0.0134 10759.7876
242.0 119.0 0.0240 10727.9077
265.0 129.0 0.0240 10728.0307
288.0 123.0 0.0141 10757.6306
315.0 130.0 0.0223 10733.0973
341.0 129.0 0.0222 10733.5390
377.0 127.0 0.0308 10707.6507
400.0 125.0 0.0322 10703.4715
426.0 131.0 0.0122 10763.5000
464.0 131.0 0.0048 10785.4950
488.0 118.0 0.0053 10784.0793
9.0 156.0 0.0049 10785.2971
43.0 152.0 0.0051 10784.6715
70.0 152.0 0.0052 10784.3516
98.0 153.0 0.0138 10758.4824
127.0 157.0 0.0308 10707.6403
147.0 146.0 0.0049 10785.3151
186.0 152.0 0.0208 10737.5624
205.0 148.0 0.0201 10739.8265
234.0 158.0 0.0232 10730.3591
268.0 148.0 0.0303 10709.1265
296.0 148.0 0.0616 10615.1726
321.0 154.0 0.0049 10785.3646
354.0 146.0 0.0767 10569.7906
375.0 156.0 0.0047 10786.0004
407.0 153.0 0.0302 10709.3898
435.0 149.0 0.0049 10785.2465
454.0 145.0 0.0046 10786.2832
491.0 150.0 0.0046 10786.1976
9.0 179.0 0.0048 10785.5430
45.0 175.0 0.0046 10786.0703
66.0 183.0 0.0140 10758.1194
92.0 179.0 0.0312 10706.4097
125.0 187.0 0.0501 10649.7974
155.0 176.0 0.0771 10568.5882
182.0 175.0 0.0500 10650.1450
209.0 177.0 0.0737 10578.8864
231.0 183.0 0.0463 10660.9764
270.0 179.0 0.0534 10639.7803
296.0 181.0 0.0303 10709.1131
318.0 182.0 0.0371 10688.6790
340.0 184.0 0.0610 10617.1049
381.0 174.0 0.0126 10762.2744
398.0 179.0 0.0140 10757.8629
427.0 175.0 0.0055 10783.4142
455.0 181.0 0.0060 10782.0890
489.0 185.0 0.0049 10785.2638
12.0 204.0 0.0056 10783.3250
47.0 203.0 0.0048 10785.6268
69.0 207.0 0.0050 10784.9993
97.0 210.0 0.0147 10756.0032
119.0 212.0 0.0142 10757.5190
158.0 206.0 0.0130 10761.0064
183.0 209.0 0.0045 10786.5066
212.0 202.0 0.1010 10497.0484
234.0 211.0 0.0151 10754.7351
265.0 205.0 0.0382 10685.3640
294.0 209.0 0.1074 10477.9225
322.0 215.0 0.0831 10550.6338
345.0 204.0 0.0502 10649.4671
378.0 211.0 0.0139 10758.4218
409.0 207.0 0.0143 10756.9776
435.0 202.0 0.0037 10788.8656
458.0 212.0 0.0046 10786.2101
484.0 206.0 0.0046 10786.1786
14.0 230.0 0.0050 10785.0566
36.0 236.0 0.0048 10785.6727
64.0 231.0 0.0054 10783.9034
99.0 238.0 0.0135 10759.4795
120.0 238.0 0.0320 10704.1492
155.0 235.0 0.0613 10616.0305
177.0 230.0 0.0708 10587.5610
203.0 236.0 0.0454 10663.6871
232.0 242.0 0.1200 10439.9397
264.0 231.0 0.2385 10084.3546
290.0 234.0 0.0649 10605.3900
312.0 239.0 0.0035 10789.5289
352.0 239.0 0.0045 10786.5576
379.0 229.0 0.0440 10668.1327
402.0 229.0 0.0128 10761.5390
423.0 230.0 0.0046 10786.1204
461.0 233.0 0.0049 10785.2076
482.0 239.0 0.0043 10787.1167
10.0 269.0 0.0049 10785.3160
40.0 262.0 0.0053 10784.2396
66.0 270.0 0.0047 10786.0041
90.0 257.0 0.0120 10764.1337
118.0 270.0 0.0114 10765.6663
147.0 265.0 0.0684 10594.8699
186.0 262.0 0.0496 10651.1262
208.0 269.0 0.1558 10332.6595
241.0 261.0 0.1825 10252.5856
265.0 270.0 0.1336 10399.1175
291.0 267.0 0.0364 10690.8657
316.0 261.0 0.0654 10603.7435
352.0 258.0 0.0050 10785.1270
370.0 265.0 0.0238 10728.6171
401.0 257.0 0.0224 10732.8028
428.0 262.0 0.0048 10785.6528
455.0 264.0 0.0049 10785.3288
489.0 261.0 0.0050 10784.8626
17.0 296.0 0.0048 10785.6439
36.0 291.0 0.0045 10786.4239
72.0 290.0 0.0042 10787.3550
99.0 285.0 0.0336 10699.0655
130.0 288.0 0.0136 10759.2675
147.0 289.0 0.0348 10695.5030
181.0 293.0 0.0644 10606.7101
207.0 293.0 0.0500 10650.0978
230.0 295.0 0.0382 10685.5139
262.0 291.0 0.0686 10594.1264
286.0 296.0 0.0836 10549.2576
313.0 289.0 0.0788 10563.4906
352.0 293.0 0.0234 10729.8809
375.0 298.0 0.0148 10755.5744
399.0 293.0 0.0144 10756.8547
425.0 292.0 0.0050 10784.9556
453.0 293.0 0.0057 10783.0182
487.0 294.0 0.0052 10784.3352
18.0 317.0 0.0051 10784.7470
35.0 315.0 0.0039 10788.2847
71.0 318.0 0.0048 10785.6414
92.0 312.0 0.0287 10714.0415
125.0 319.0 0.0143 10757.1280
152.0 320.0 0.0368 10689.6412
186.0 323.0 0.0750 10574.8978
207.0 320.0 0.0042 10787.3581
241.0 324.0 0.1043 10486.9793
266.0 324.0 0.0044 10786.9499
290.0 318.0 0.0047 10785.9476
320.0 318.0 0.0524 10642.8706
347.0 322.0 0.0138 10758.5003
381.0 312.0 0.0130 10761.1491
399.0 317.0 0.0134 10759.7774
429.0 319.0 0.0128 10761.4828
452.0 324.0 0.0050 10785.1456
492.0 313.0 0.0052 10784.2650
12.0 353.0 0.0056 10783.3272
37.0 354.0 0.0058 10782.4778
64.0 342.0 0.0050 10785.1263
91.0 348.0 0.0139 10758.4387
125.0 344.0 0.0459 10662.4254
155.0 350.0 0.0302 10709.3760
175.0 349.0 0.0338 10698.5057
210.0 344.0 0.0052 10784.4910
229.0 344.0 0.0405 10678.6169
270.0 342.0 0.0643 10607.0969
293.0 345.0 0.0128 10761.5666
324.0 345.0 0.0045 10786.4054
340.0 348.0 0.0528 10641.4512
371.0 351.0 0.0147 10755.9023
397.0 340.0 0.0217 10734.7597
433.0 348.0 0.0059 10782.1651
460.0 352.0 0.0049 10785.2924
485.0 347.0 0.0051 10784.8355
15.0 380.0 0.0048 10785.5568
38.0 375.0 0.0048 10785.5478
67.0 379.0 0.0048 10785.4996
93.0 371.0 0.0293 10712.2270
122.0 379.0 0.0230 10731.0980
149.0 372.0 0.0047 10785.9198
185.0 381.0 0.0218 10734.6017
212.0 369.0 0.0127 10761.7536
230.0 381.0 0.0233 10730.0802
260.0 375.0 0.0223 10732.9864
286.0 368.0 0.0469 10659.4328
314.0 376.0 0.0316 10705.3269
344.0 372.0 0.0610 10616.9912
370.0 369.0 0.0196 10741.1273
396.0 380.0 0.0500 10650.0385
423.0 379.0 0.0150 10755.0847
462.0 376.0 0.0051 10784.6616
488.0 378.0 0.0046 10786.0762
18.0 403.0 0.0044 10786.6735
35.0 397.0 0.0054 10783.8621
64.0 401.0 0.0128 10761.4763
94.0 396.0 0.0212 10736.2999
126.0 405.0 0.0226 10732.3079
148.0 400.0 0.0403 10679.2495
184.0 409.0 0.0210 10736.9750
211.0 406.0 0.0251 10724.5999
232.0 397.0 0.0207 10737.9410
267.0 401.0 0.0046 10786.3061
289.0 396.0 0.0133 10760.2076
319.0 409.0 0.0205 10738.4906
340.0 398.0 0.0321 10703.7134
378.0 400.0 0.0053 10784.1340
399.0 402.0 0.0289 10713.3626
425.0 404.0 0.0403 10679.2285
457.0 396.0 0.0046 10786.1515
480.0 399.0 0.0048 10785.6459
13.0 423.0 0.0050 10784.9570
47.0 435.0 0.0042 10787.3529
66.0 424.0 0.0144 10756.7020
100.0 429.0 0.0144 10756.8736
131.0 423.0 0.0147 10756.0418
147.0 426.0 0.0051 10784.7731
174.0 427.0 0.0140 10757.8719
206.0 435.0 0.0038 10788.5042
242.0 429.0 0.0058 10782.5988
259.0 432.0 0.0040 10788.1314
293.0 435.0 0.0051 10784.7389
317.0 435.0 0.0119 10764.4490
344.0 435.0 0.0143 10757.0398
373.0 434.0 0.0044 10786.7336
398.0 436.0 0.0054 10783.7598
431.0 424.0 0.0133 10759.9994
460.0 430.0 0.0049 10785.2963
488.0 433.0 0.0050 10784.8966
14.0 456.0 0.0040 10788.1278
45.0 461.0 0.0046 10786.2348
65.0 464.0 0.0048 10785.6993
93.0 458.0 0.0041 10787.7454
120.0 462.0 0.0046 10786.3331
151.0 457.0 0.0048 10785.5861
176.0 457.0 0.0045 10786.3636
202.0 461.0 0.0049 10785.3305
230.0 462.0 0.0048 10785.4794
262.0 455.0 0.0044 10786.8626
292.0 459.0 0.0056 10783.0600
322.0 452.0 0.0048 10785.7346
340.0 458.0 0.0047 10785.8144
379.0 462.0 0.0042 10787.5144
404.0 463.0 0.0048 10785.5608
432.0 459.0 0.0049 10785.3568
454.0 456.0 0.0040 10788.0524
491.0 452.0 0.0047 10785.9147
19.0 482.0 0.0046 10786.2128
43.0 482.0 0.0043 10787.1285
70.0 480.0 0.0051 10784.8220
99.0 486.0 0.0049 10785.3995
123.0 491.0 0.0047 10785.7764
155.0 492.0 0.0053 10784.1168
187.0 485.0 0.0054 10783.8816
207.0 489.0 0.0051 10784.6664
233.0 484.0 0.0049 10785.2177
268.0 480.0 0.0046 10786.1033
297.0 486.0 0.0041 10787.7196
325.0 482.0 0.0047 10785.7540
349.0 485.0 0.0045 10786.4392
370.0 484.0 0.0036 10789.0957
406.0 487.0 0.0047 10785.8652
426.0 480.0 0.0045 10786.6277
463.0 481.0 0.0049 10785.3009
492.0 490.0 0.0055 10783.4454
67.0 171.0 0.0047 10785.9717
346.0 9.0 0.0050 10785.1176
6.0 301.0 0.0052 10784.3287
64.0 446.0 0.0054 10783.8589
477.0 466.0 0.0044 10786.8353
313.0 53.0 0.0051 10784.8404
39.0 422.0 0.0044 10786.8748
339.0 489.0 0.0045 10786.3592
451.0 378.0 0.0054 10783.6501
321.0 338.0 0.0709 10587.2452
189.0 345.0 0.0470 10659.0745
408.0 287.0 0.0121 10763.6381
385.0 315.0 0.0050 10784.9397
477.0 442.0 0.0050 10784.9314
345.0 122.0 0.0205 10738.5789
235.0 213.0 0.1346 10396.1170
424.0 99.0 0.0053 10784.2099
216.0 153.0 0.0117 10764.9092
491.0 441.0 0.0040 10788.0309
90.0 449.0 0.0041 10787.7279
459.0 424.0 0.0043 10787.2193
62.0 313.0 0.0048 10785.7460
346.0 256.0 0.0681 10595.8287
375.0 276.0 0.0042 10787.2804
276.0 473.0 0.0052 10784.4163
434.0 25.0 0.0048 10785.7282
