17.0 18.0 0.0045 10786.6382
39.0 6.0 0.0053 10784.0934
68.0 14.0 0.0057 10782.8410
95.0 14.0 0.0044 10786.7840
116.0 18.0 0.0050 10785.1440
160.0 13.0 0.0050 10784.9406
178.0 9.0 0.0045 10786.5312
201.0 18.0 0.0046 10786.3014
235.0 19.0 0.0043 10786.9733
270.0 7.0 0.0058 10782.7497
295.0 11.0 0.0048 10785.6336
320.0 13.0 0.0047 10785.8885
352.0 8.0 0.0054 10783.9397
373.0 18.0 0.0053 10783.9919
406.0 8.0 0.0041 10787.8243
425.0 8.0 0.0047 10785.9343
451.0 5.0 0.0043 10786.9629
484.0 6.0 0.0048 10785.5761
21.0 40.0 0.0045 10786.4381
46.0 43.0 0.0041 10787.7014
64.0 49.0 0.0051 10784.6592
100.0 41.0 0.0046 10786.0575
118.0 41.0 0.0146 10756.3350
151.0 46.0 0.0053 10784.1814
182.0 39.0 0.0049 10785.3621
215.0 33.0 0.0048 10785.7074
227.0 37.0 0.0049 10785.2830
255.0 34.0 0.0048 10785.5437
292.0 37.0 0.0046 10786.1940
322.0 36.0 0.0052 10784.5424
340.0 43.0 0.0046 10786.0708
368.0 36.0 0.0047 10785.8727
398.0 46.0 0.0050 10785.0063
424.0 49.0 0.0051 10784.6439
455.0 39.0 0.0042 10787.4501
492.0 44.0 0.0047 10785.9425
11.0 75.0 0.0048 10785.5270
35.0 77.0 0.0046 10786.2091
74.0 65.0 0.0049 10785.2851
90.0 61.0 0.0037 10788.9435
122.0 61.0 0.0051 10784.7681
153.0 61.0 0.0046 10786.0715
176.0 72.0 0.0057 10783.0037
216.0 77.0 0.0047 10785.8985
227.0 61.0 0.0042 10787.5214
270.0 64.0 0.0049 10785.4128
298.0 74.0 0.0046 10786.1728
325.0 63.0 0.0049 10785.1532
345.0 61.0 0.0122 10763.5481
370.0 75.0 0.0142 10757.3668
405.0 63.0 0.0134 10759.8815
422.0 62.0 0.0129 10761.3074
452.0 77.0 0.0051 10784.7742
492.0 62.0 0.0039 10788.4203
21.0 89.0 0.0051 10784.8325
40.0 101.0 0.0121 10763.8094
62.0 96.0 0.0040 10787.9078
93.0 100.0 0.0310 10706.9801
127.0 90.0 0.0125 10762.4840
153.0 95.0 0.0516 10645.1965
188.0 93.0 0.0430 10671.0364
205.0 91.0 0.0041 10787.6277
240.0 91.0 0.0525 10642.5389
270.0 89.0 0.0057 10782.8626
285.0 92.0 0.0223 10733.1924
324.0 90.0 0.0335 10699.4121
352.0 104.0 0.0047 10785.9433
373.0 104.0 0.0122 10763.5477
395.0 92.0 0.0124 10762.6671
431.0 98.0 0.0217 10734.8975
452.0 91.0 0.0052 10784.3665
478.0 104.0 0.0054 10783.7811
18.0 120.0 0.0052 10784.5367
45.0 123.0 0.0122 10763.4693
75.0 120.0 0.0053 10784.2134
95.0 129.0 0.0226 10732.2393
121.0 116.0 0.0138 10758.4501
147.0 133.0 0.0040 10787.9114
185.0 125.0 0.0331 10700.6814
203.0 130.0 0.0122 10763.2979
230.0 118.0 0.0319 10704.1694
271.0 127.0 0.0145 10756.5711
299.0 130.0 0.0208 10737.6090
322.0 124.0 0.0207 10737.8253
343.0 118.0 0.0294 10711.9464
367.0 117.0 0.0387 10683.9178
408.0 117.0 0.0056 10783.3468
424.0 123.0 0.0048 10785.6730
451.0 116.0 0.0056 10783.3132
484.0 118.0 0.0051 10784.6031
10.0 150.0 0.0052 10784.2660
39.0 155.0 0.0052 10784.3109
72.0 149.0 0.0050 10784.9942
99.0 158.0 0.0579 10626.2374
129.0 158.0 0.0041 10787.6418
152.0 159.0 0.0472 10658.2886
178.0 148.0 0.0206 10738.1464
216.0 152.0 0.0153 10754.2132
244.0 152.0 0.0324 10702.7451
260.0 148.0 0.0615 10615.5608
295.0 149.0 0.0047 10785.9085
327.0 154.0 0.0577 10626.8016
351.0 158.0 0.0313 10706.0367
368.0 150.0 0.0393 10682.0465
408.0 159.0 0.0278 10716.6565
429.0 147.0 0.0049 10785.1880
456.0 155.0 0.0046 10786.1727
490.0 158.0 0.0045 10786.5866
9.0 181.0 0.0051 10784.5896
36.0 182.0 0.0047 10785.7645
75.0 174.0 0.0046 10786.0927
94.0 186.0 0.0211 10736.7343
126.0 178.0 0.0138 10758.4516
155.0 185.0 0.0420 10673.9750
179.0 179.0 0.0752 10574.3469
200.0 182.0 0.0663 10601.0450
241.0 186.0 0.0035 10789.5749
266.0 174.0 0.1179 10446.1537
294.0 183.0 0.0372 10688.3520
320.0 181.0 0.0563 10631.2356
350.0 177.0 0.0126 10762.1018
382.0 183.0 0.0125 10762.5373
401.0 182.0 0.0149 10755.3281
435.0 185.0 0.0052 10784.3580
461.0 181.0 0.0054 10783.8768
481.0 179.0 0.0047 10785.8528
6.0 206.0 0.0056 10783.1292
40.0 202.0 0.0053 10784.0967
66.0 214.0 0.0051 10784.7653
92.0 209.0 0.0234 10729.6878
127.0 215.0 0.0343 10696.9925
152.0 212.0 0.0137 10759.0270
174.0 204.0 0.1245 10426.6393
214.0 209.0 0.0749 10575.3008
230.0 205.0 0.0978 10506.5116
270.0 201.0 0.0033 10790.1707
284.0 211.0 0.0509 10647.1724
318.0 214.0 0.0896 10531.3478
354.0 202.0 0.0582 10625.3774
382.0 211.0 0.0156 10753.2027
394.0 213.0 0.0043 10787.2400
434.0 201.0 0.0048 10785.6803
456.0 200.0 0.0047 10785.8274
491.0 210.0 0.0033 10790.2428
16.0 238.0 0.0048 10785.5430
39.0 240.0 0.0046 10786.2548
66.0 229.0 0.0050 10785.0048
99.0 238.0 0.0239 10728.4113
120.0 243.0 0.0419 10674.3494
152.0 239.0 0.0219 10734.3040
187.0 241.0 0.0717 10584.9812
206.0 236.0 0.0027 10791.7554
236.0 238.0 0.1322 10403.3024
261.0 236.0 0.1440 10367.8607
295.0 230.0 0.0807 10557.7926
326.0 232.0 0.0043 10787.0352
348.0 238.0 0.0404 10678.7543
381.0 235.0 0.0326 10702.3392
394.0 237.0 0.0047 10785.9114
436.0 235.0 0.0137 10758.9399
463.0 236.0 0.0049 10785.2265
488.0 231.0 0.0047 10785.8807
17.0 262.0 0.0053 10784.0110
40.0 268.0 0.0053 10784.1751
64.0 262.0 0.0045 10786.4970
104.0 263.0 0.0141 10757.7828
120.0 259.0 0.0053 10783.9505
158.0 257.0 0.0046 10786.1744
184.0 264.0 0.0112 10766.3104
207.0 256.0 0.1335 10399.4158
232.0 269.0 0.1280 10416.0651
270.0 265.0 0.1685 10294.3675
297.0 261.0 0.1423 10373.2417
319.0 268.0 0.0446 10666.1039
351.0 269.0 0.0309 10707.1610
382.0 257.0 0.0048 10785.5556
407.0 267.0 0.0324 10702.8703
423.0 271.0 0.0048 10785.7089
464.0 267.0 0.0053 10784.2320
493.0 271.0 0.0049 10785.3538
7.0 296.0 0.0052 10784.4888
33.0 298.0 0.0043 10786.9629
66.0 287.0 0.0119 10764.3893
95.0 295.0 0.0223 10733.0440
126.0 291.0 0.0336 10699.1165
158.0 290.0 0.0046 10786.2446
172.0 299.0 0.0243 10727.1507
203.0 283.0 0.0934 10519.8592
233.0 286.0 0.0444 10666.7944
265.0 287.0 0.0486 10654.2625
287.0 299.0 0.0918 10524.7039
322.0 292.0 0.0480 10655.9105
347.0 284.0 0.0044 10786.9488
373.0 287.0 0.0650 10605.0266
395.0 288.0 0.0137 10758.8298
432.0 286.0 0.0047 10785.7800
452.0 296.0 0.0051 10784.8285
489.0 294.0 0.0051 10784.7575
15.0 317.0 0.0048 10785.5966
33.0 321.0 0.0050 10784.9440
67.0 312.0 0.0053 10784.1816
93.0 311.0 0.0141 10757.5529
121.0 316.0 0.0607 10617.9110
155.0 311.0 0.0688 10593.4821
184.0 324.0 0.0450 10665.0875
206.0 326.0 0.0769 10569.2580
233.0 321.0 0.1206 10438.1227
264.0 311.0 0.0183 10745.1182
288.0 320.0 0.0575 10627.5956
323.0 326.0 0.1056 10483.3167
343.0 313.0 0.0051 10784.7393
374.0 312.0 0.0146 10756.1849
407.0 317.0 0.0236 10729.1327
435.0 311.0 0.0112 10766.5433
455.0 317.0 0.0054 10783.8413
487.0 325.0 0.0047 10785.8764
9.0 350.0 0.0050 10784.8986
43.0 347.0 0.0054 10783.7633
65.0 342.0 0.0046 10786.2777
102.0 344.0 0.0142 10757.4859
125.0 347.0 0.0134 10759.8262
154.0 349.0 0.0409 10677.2104
185.0 341.0 0.0137 10758.8264
206.0 339.0 0.0202 10739.4925
230.0 340.0 0.0047 10785.9168
256.0 340.0 0.0200 10739.9128
297.0 350.0 0.0244 10726.7748
324.0 353.0 0.0318 10704.7284
348.0 343.0 0.0371 10688.7400
376.0 353.0 0.0134 10759.8443
397.0 342.0 0.0142 10757.3862
429.0 344.0 0.0133 10760.2052
455.0 353.0 0.0049 10785.3293
483.0 350.0 0.0047 10786.0468
12.0 381.0 0.0048 10785.5360
38.0 371.0 0.0047 10785.8640
62.0 382.0 0.0320 10704.0013
98.0 370.0 0.0133 10760.1749
125.0 377.0 0.0294 10711.8480
154.0 371.0 0.0357 10693.0271
182.0 378.0 0.0124 10762.7046
203.0 378.0 0.0354 10693.7290
240.0 370.0 0.0517 10644.8462
269.0 380.0 0.0206 10738.1615
294.0 372.0 0.0250 10724.8628
322.0 372.0 0.0129 10761.3939
351.0 373.0 0.0497 10650.9815
372.0 376.0 0.0274 10717.7853
397.0 370.0 0.0054 10783.7155
435.0 378.0 0.0056 10783.1219
461.0 368.0 0.0051 10784.6616
489.0 375.0 0.0047 10786.0180
18.0 408.0 0.0050 10784.9278
43.0 396.0 0.0046 10786.2201
66.0 404.0 0.0045 10786.5340
100.0 396.0 0.0122 10763.5360
120.0 399.0 0.0048 10785.5478
154.0 408.0 0.0058 10782.7497
173.0 402.0 0.0222 10733.3504
201.0 398.0 0.0148 10755.4734
242.0 402.0 0.0397 10680.8035
258.0 410.0 0.0110 10766.8966
293.0 395.0 0.0140 10758.0466
314.0 409.0 0.0206 10738.2269
354.0 402.0 0.0210 10736.8891
374.0 400.0 0.0059 10782.3130
402.0 408.0 0.0314 10705.6832
422.0 403.0 0.0130 10761.0489
466.0 395.0 0.0049 10785.1674
484.0 400.0 0.0043 10787.0979
9.0 432.0 0.0042 10787.3818
34.0 425.0 0.0049 10785.2706
71.0 431.0 0.0132 10760.3133
91.0 428.0 0.0233 10730.1757
132.0 436.0 0.0155 10753.4749
146.0 436.0 0.0225 10732.4267
182.0 437.0 0.0056 10783.1820
203.0 427.0 0.0052 10784.3155
233.0 434.0 0.0043 10787.1604
259.0 432.0 0.0037 10788.8804
298.0 436.0 0.0047 10786.0162
322.0 424.0 0.0049 10785.4355
349.0 438.0 0.0230 10731.0058
379.0 437.0 0.0047 10786.0291
408.0 433.0 0.0140 10758.0235
430.0 431.0 0.0131 10760.8420
464.0 434.0 0.0040 10787.9286
482.0 429.0 0.0049 10785.2698
21.0 461.0 0.0049 10785.1572
41.0 460.0 0.0050 10785.1088
73.0 453.0 0.0049 10785.3336
97.0 455.0 0.0043 10787.2300
120.0 451.0 0.0048 10785.5857
147.0 458.0 0.0051 10784.7490
178.0 453.0 0.0047 10785.8700
211.0 454.0 0.0053 10784.2190
230.0 456.0 0.0052 10784.3050
267.0 458.0 0.0043 10787.2266
291.0 451.0 0.0047 10785.8700
326.0 451.0 0.0054 10783.8593
348.0 461.0 0.0047 10785.8361
367.0 457.0 0.0048 10785.5211
400.0 457.0 0.0050 10785.0872
423.0 456.0 0.0049 10785.1933
450.0 452.0 0.0034 10789.9099
490.0 458.0 0.0051 10784.7200
8.0 490.0 0.0054 10783.7652
35.0 478.0 0.0041 10787.6197
71.0 487.0 0.0048 10785.6437
100.0 487.0 0.0038 10788.4562
128.0 479.0 0.0054 10783.9189
150.0 487.0 0.0053 10784.0567
185.0 486.0 0.0061 10781.8315
209.0 479.0 0.0052 10784.5208
239.0 483.0 0.0045 10786.3937
258.0 481.0 0.0043 10787.2153
295.0 492.0 0.0048 10785.4583
321.0 490.0 0.0045 10786.5324
343.0 482.0 0.0040 10788.0258
379.0 479.0 0.0041 10787.6603
401.0 492.0 0.0043 10787.0011
424.0 478.0 0.0046 10786.1613
458.0 492.0 0.0043 10786.9546
481.0 494.0 0.0047 10785.7920
445.0 308.0 0.0039 10788.3975
415.0 264.0 0.0042 10787.3141
42.0 311.0 0.0052 10784.4051
106.0 499.0 0.0044 10786.8944
2.0 434.0 0.0043 10787.1134
256.0 195.0 0.0030 10790.9394
385.0 104.0 0.0045 10786.4417
112.0 277.0 0.0127 10761.7555
91.0 357.0 0.0298 10710.7291
42.0 486.0 0.0046 10786.1347
306.0 293.0 0.0192 10742.4924
70.0 360.0 0.0053 10784.0093
240.0 78.0 0.0042 10787.5355
76.0 152.0 0.0049 10785.3520
175.0 276.0 0.0628 10611.5150
261.0 485.0 0.0051 10784.6140
78.0 49.0 0.0056 10783.3218
257.0 27.0 0.0038 10788.5878
228.0 134.0 0.0118 10764.5754
357.0 259.0 0.0048 10785.6303
37.0 116.0 0.0041 10787.5674
192.0 427.0 0.0049 10785.4320
96.0 259.0 0.0050 10784.9440
241.0 464.0 0.0045 10786.3859
173.0 196.0 0.0044 10786.8628
328.0 209.0 0.0052 10784.2858
