8.0 8.0 0.0045 10786.5780
38.0 6.0 0.0054 10783.8918
61.0 19.0 0.0052 10784.3301
88.0 23.0 0.0041 10787.5803
127.0 6.0 0.0049 10785.4351
150.0 10.0 0.0053 10784.1218
184.0 20.0 0.0050 10785.0329
205.0 7.0 0.0049 10785.3766
230.0 7.0 0.0055 10783.4631
256.0 21.0 0.0052 10784.4498
286.0 6.0 0.0049 10785.2788
326.0 7.0 0.0048 10785.6779
354.0 8.0 0.0053 10784.1182
379.0 21.0 0.0049 10785.3046
403.0 8.0 0.0038 10788.5308
430.0 18.0 0.0045 10786.5525
458.0 13.0 0.0049 10785.3482
482.0 12.0 0.0045 10786.5417
15.0 47.0 0.0036 10789.1004
45.0 34.0 0.0045 10786.6289
60.0 44.0 0.0047 10785.9120
104.0 42.0 0.0054 10783.8007
120.0 36.0 0.0147 10755.7603
144.0 40.0 0.0051 10784.5540
171.0 43.0 0.0052 10784.5433
207.0 41.0 0.0042 10787.4524
234.0 39.0 0.0051 10784.7042
273.0 42.0 0.0046 10786.0532
287.0 32.0 0.0059 10782.4420
327.0 33.0 0.0045 10786.3593
342.0 35.0 0.0053 10784.2225
376.0 47.0 0.0047 10785.9974
409.0 49.0 0.0046 10786.1986
427.0 49.0 0.0049 10785.3647
465.0 37.0 0.0040 10788.1002
487.0 43.0 0.0050 10784.9314
7.0 61.0 0.0049 10785.3336
32.0 68.0 0.0048 10785.5357
65.0 73.0 0.0129 10761.1868
106.0 71.0 0.0048 10785.6129
131.0 67.0 0.0142 10757.3635
146.0 61.0 0.0044 10786.8110
175.0 60.0 0.0053 10784.1814
200.0 61.0 0.0051 10784.6588
234.0 78.0 0.0049 10785.2600
264.0 64.0 0.0053 10784.2320
286.0 69.0 0.0044 10786.6960
316.0 69.0 0.0043 10787.0467
355.0 64.0 0.0038 10788.7105
372.0 78.0 0.0210 10737.0181
395.0 66.0 0.0129 10761.2317
435.0 75.0 0.0122 10763.5385
466.0 69.0 0.0046 10786.1886
481.0 67.0 0.0042 10787.3938
14.0 105.0 0.0056 10783.1758
46.0 93.0 0.0042 10787.3142
62.0 100.0 0.0119 10764.2620
94.0 97.0 0.0119 10764.4270
128.0 90.0 0.0285 10714.5245
155.0 98.0 0.0135 10759.4297
187.0 101.0 0.0049 10785.2998
214.0 94.0 0.0222 10733.4706
227.0 99.0 0.0385 10684.4988
271.0 88.0 0.0148 10755.4933
283.0 99.0 0.0146 10756.2978
324.0 103.0 0.0056 10783.1180
342.0 93.0 0.0415 10675.3525
370.0 99.0 0.0123 10763.2164
399.0 106.0 0.0217 10734.8765
422.0 100.0 0.0227 10731.9452
465.0 104.0 0.0049 10785.2430
484.0 90.0 0.0051 10784.6234
13.0 117.0 0.0045 10786.5289
38.0 131.0 0.0046 10786.2526
62.0 128.0 0.0135 10759.3684
98.0 118.0 0.0226 10732.0957
122.0 123.0 0.0044 10786.9002
152.0 128.0 0.0052 10784.4933
189.0 130.0 0.0407 10677.8740
206.0 118.0 0.0182 10745.4921
236.0 132.0 0.0133 10759.9519
270.0 127.0 0.0311 10706.6713
292.0 129.0 0.0047 10785.7800
317.0 124.0 0.0138 10758.7300
342.0 125.0 0.0285 10714.5730
381.0 122.0 0.0495 10651.3956
401.0 134.0 0.0053 10784.1823
437.0 130.0 0.0123 10763.1071
466.0 128.0 0.0052 10784.3691
479.0 128.0 0.0053 10784.0943
18.0 147.0 0.0049 10785.1657
41.0 146.0 0.0052 10784.3499
64.0 160.0 0.0050 10785.0585
105.0 149.0 0.0127 10761.8691
117.0 154.0 0.0286 10714.2746
143.0 152.0 0.0293 10712.1794
176.0 146.0 0.0482 10655.4221
204.0 147.0 0.0130 10761.1195
232.0 147.0 0.0120 10763.8915
265.0 157.0 0.0134 10759.7470
290.0 162.0 0.0491 10652.7288
318.0 159.0 0.0294 10711.6641
344.0 158.0 0.0607 10617.7732
383.0 154.0 0.0141 10757.8265
408.0 154.0 0.0050 10785.1137
437.0 158.0 0.0047 10785.7699
448.0 148.0 0.0043 10786.9807
479.0 147.0 0.0043 10787.0534
7.0 177.0 0.0053 10784.1936
41.0 188.0 0.0045 10786.3937
70.0 175.0 0.0224 10732.8467
95.0 187.0 0.0228 10731.5919
122.0 185.0 0.0397 10681.0240
156.0 183.0 0.0309 10707.3365
179.0 175.0 0.1038 10488.5510
205.0 182.0 0.0044 10786.7201
228.0 174.0 0.1337 10399.0010
269.0 173.0 0.0236 10729.1522
295.0 187.0 0.0786 10564.1988
320.0 184.0 0.0575 10627.4983
344.0 183.0 0.0039 10788.2450
379.0 177.0 0.0642 10607.4049
405.0 176.0 0.0233 10730.0550
424.0 185.0 0.0057 10782.8686
450.0 172.0 0.0056 10783.1703
477.0 189.0 0.0050 10785.0047
8.0 206.0 0.0057 10782.8572
40.0 205.0 0.0051 10784.7734
68.0 210.0 0.0049 10785.4194
95.0 212.0 0.0156 10753.3283
132.0 212.0 0.0135 10759.5375
146.0 212.0 0.0321 10703.8096
179.0 202.0 0.0662 10601.4113
201.0 211.0 0.0773 10568.0870
234.0 215.0 0.0952 10514.2524
267.0 204.0 0.0585 10624.5564
288.0 207.0 0.0173 10748.0848
326.0 215.0 0.0497 10651.0167
339.0 203.0 0.0105 10768.4606
367.0 200.0 0.0232 10730.4285
402.0 210.0 0.0049 10785.4498
423.0 211.0 0.0145 10756.5815
459.0 208.0 0.0049 10785.2162
495.0 217.0 0.0038 10788.4718
18.0 241.0 0.0048 10785.5418
40.0 229.0 0.0050 10785.0015
64.0 245.0 0.0045 10786.3656
101.0 242.0 0.0233 10730.0263
118.0 239.0 0.0142 10757.4138
159.0 237.0 0.0040 10787.9170
182.0 226.0 0.0470 10659.0496
210.0 232.0 0.0166 10750.2274
232.0 241.0 0.0831 10550.6296
255.0 238.0 0.0929 10521.2972
292.0 233.0 0.1585 10324.4017
319.0 230.0 0.1086 10474.1042
349.0 232.0 0.0109 10767.3300
369.0 242.0 0.0041 10787.5807
404.0 231.0 0.0315 10705.4752
433.0 239.0 0.0050 10784.9483
461.0 235.0 0.0035 10789.5861
479.0 234.0 0.0038 10788.4727
20.0 259.0 0.0050 10784.9268
36.0 267.0 0.0053 10784.1225
62.0 264.0 0.0047 10785.9570
88.0 257.0 0.0133 10760.2500
120.0 264.0 0.0312 10706.3552
143.0 256.0 0.0707 10587.9843
171.0 257.0 0.0207 10737.7869
202.0 261.0 0.0948 10515.4550
244.0 272.0 0.0339 10698.3494
258.0 266.0 0.0873 10537.9618
294.0 264.0 0.0447 10665.8639
317.0 256.0 0.0350 10694.9205
349.0 262.0 0.0341 10697.7509
366.0 263.0 0.0382 10685.2541
410.0 263.0 0.0247 10725.7831
427.0 261.0 0.0045 10786.4763
451.0 257.0 0.0049 10785.2868
495.0 261.0 0.0048 10785.5698
11.0 293.0 0.0049 10785.1833
36.0 292.0 0.0048 10785.5026
61.0 288.0 0.0048 10785.6082
88.0 300.0 0.0040 10787.9671
130.0 291.0 0.0300 10709.9901
147.0 283.0 0.0763 10571.0180
179.0 286.0 0.0292 10712.3110
209.0 296.0 0.1023 10493.2206
229.0 282.0 0.1947 10215.9129
266.0 293.0 0.0996 10501.1500
287.0 295.0 0.0747 10575.7810
327.0 296.0 0.0813 10556.2318
339.0 294.0 0.0048 10785.7292
377.0 293.0 0.0521 10643.7638
407.0 298.0 0.0131 10760.7666
440.0 298.0 0.0216 10735.1785
456.0 294.0 0.0050 10784.9357
486.0 293.0 0.0048 10785.7086
11.0 317.0 0.0054 10783.8511
40.0 327.0 0.0044 10786.7681
61.0 322.0 0.0044 10786.7476
100.0 326.0 0.0233 10730.1940
119.0 320.0 0.0221 10733.6699
143.0 326.0 0.0239 10728.1876
187.0 312.0 0.0056 10783.2872
199.0 315.0 0.0288 10713.5033
240.0 320.0 0.0364 10690.8400
260.0 314.0 0.0037 10788.8177
294.0 322.0 0.1268 10419.5803
314.0 321.0 0.0457 10662.9698
343.0 320.0 0.0412 10676.3277
379.0 313.0 0.0315 10705.6485
394.0 328.0 0.0042 10787.5106
437.0 321.0 0.0036 10789.1896
452.0 326.0 0.0050 10785.0061
489.0 312.0 0.0049 10785.3146
8.0 342.0 0.0053 10784.1741
44.0 355.0 0.0053 10784.0262
61.0 345.0 0.0138 10758.6930
95.0 344.0 0.0129 10761.2372
126.0 342.0 0.0314 10705.7645
143.0 347.0 0.0396 10681.2337
186.0 346.0 0.0617 10614.9268
216.0 346.0 0.0394 10681.8088
231.0 339.0 0.0141 10757.6958
269.0 354.0 0.0415 10675.4374
294.0 352.0 0.0112 10766.5152
316.0 354.0 0.0043 10787.0285
340.0 354.0 0.0618 10614.4701
374.0 351.0 0.0229 10731.1765
393.0 350.0 0.0141 10757.8145
439.0 340.0 0.0130 10761.0286
460.0 351.0 0.0050 10784.9100
483.0 352.0 0.0038 10788.5164
16.0 381.0 0.0055 10783.4891
42.0 383.0 0.0047 10785.8786
62.0 370.0 0.0139 10758.3088
106.0 383.0 0.0138 10758.5051
119.0 381.0 0.0122 10763.5092
145.0 370.0 0.0042 10787.4397
184.0 377.0 0.0405 10678.3990
210.0 379.0 0.0233 10729.9714
233.0 371.0 0.0340 10698.1461
265.0 382.0 0.0236 10729.0756
293.0 371.0 0.0226 10732.1242
314.0 379.0 0.0141 10757.7024
355.0 372.0 0.0213 10736.0044
370.0 380.0 0.0131 10760.7362
403.0 373.0 0.0140 10757.8848
436.0 371.0 0.0048 10785.4605
450.0 366.0 0.0053 10783.9705
485.0 366.0 0.0045 10786.4406
10.0 399.0 0.0040 10787.9686
44.0 403.0 0.0048 10785.6189
77.0 406.0 0.0136 10759.1675
100.0 403.0 0.0054 10783.9449
126.0 409.0 0.0227 10732.0371
161.0 409.0 0.0318 10704.6536
181.0 399.0 0.0130 10760.8878
204.0 405.0 0.0136 10759.0885
229.0 407.0 0.0324 10702.9219
258.0 393.0 0.0229 10731.3046
294.0 410.0 0.0212 10736.4307
316.0 396.0 0.0120 10764.0250
351.0 400.0 0.0225 10732.5919
370.0 404.0 0.0145 10756.3806
402.0 410.0 0.0472 10658.2758
431.0 394.0 0.0123 10763.1193
453.0 404.0 0.0045 10786.4111
495.0 398.0 0.0044 10786.7060
8.0 437.0 0.0051 10784.8163
39.0 438.0 0.0047 10785.8842
61.0 421.0 0.0050 10785.1098
103.0 428.0 0.0145 10756.5014
130.0 422.0 0.0041 10787.5539
160.0 439.0 0.0048 10785.5700
189.0 438.0 0.0136 10759.1861
216.0 421.0 0.0054 10783.8738
242.0 421.0 0.0055 10783.3696
267.0 432.0 0.0045 10786.6057
285.0 424.0 0.0038 10788.5440
309.0 425.0 0.0128 10761.5279
342.0 427.0 0.0050 10785.0355
372.0 435.0 0.0047 10785.9048
398.0 429.0 0.0057 10782.8512
422.0 428.0 0.0140 10757.9250
461.0 425.0 0.0047 10785.9658
486.0 429.0 0.0051 10784.5533
16.0 453.0 0.0041 10787.6710
47.0 452.0 0.0053 10784.0062
66.0 453.0 0.0052 10784.4060
98.0 454.0 0.0131 10760.7943
128.0 463.0 0.0046 10786.3331
161.0 455.0 0.0047 10785.9715
174.0 456.0 0.0051 10784.6454
213.0 458.0 0.0053 10784.0402
238.0 461.0 0.0050 10784.9657
267.0 463.0 0.0044 10786.6771
299.0 467.0 0.0051 10784.7308
325.0 450.0 0.0054 10783.8593
338.0 455.0 0.0043 10787.0133
380.0 455.0 0.0052 10784.4430
409.0 457.0 0.0050 10784.9604
425.0 461.0 0.0044 10786.8320
458.0 458.0 0.0038 10788.5995
484.0 461.0 0.0050 10785.1440
19.0 489.0 0.0054 10783.7443
48.0 484.0 0.0043 10787.0086
72.0 493.0 0.0048 10785.5638
99.0 481.0 0.0043 10787.0354
131.0 494.0 0.0047 10786.0160
148.0 495.0 0.0052 10784.3691
182.0 492.0 0.0061 10781.6807
210.0 484.0 0.0048 10785.4585
241.0 493.0 0.0049 10785.2530
261.0 487.0 0.0046 10786.1845
289.0 487.0 0.0039 10788.2135
313.0 484.0 0.0050 10785.1356
347.0 495.0 0.0041 10787.8392
382.0 479.0 0.0043 10786.9683
395.0 477.0 0.0053 10784.0371
438.0 484.0 0.0044 10786.6741
449.0 486.0 0.0053 10784.2129
492.0 478.0 0.0051 10784.7728
405.0 19.0 0.0046 10786.2135
96.0 340.0 0.0476 10657.2726
186.0 283.0 0.0619 10614.2226
55.0 238.0 0.0056 10783.3071
469.0 455.0 0.0044 10786.8740
23.0 92.0 0.0042 10787.2977
281.0 480.0 0.0056 10783.1207
324.0 123.0 0.0116 10765.1467
10.0 355.0 0.0057 10782.9869
68.0 366.0 0.0052 10784.2542
320.0 389.0 0.0212 10736.4589
81.0 314.0 0.0050 10785.1062
241.0 312.0 0.0268 10719.6774
200.0 103.0 0.0131 10760.5672
288.0 456.0 0.0049 10785.3000
134.0 123.0 0.0438 10668.6172
234.0 204.0 0.1066 10480.1925
288.0 35.0 0.0052 10784.2604
18.0 385.0 0.0047 10785.9272
129.0 437.0 0.0136 10759.3270
247.0 42.0 0.0050 10784.9794
425.0 49.0 0.0045 10786.4594
219.0 332.0 0.0338 10698.7487
276.0 497.0 0.0046 10786.2723
119.0 174.0 0.0055 10783.4582
46.0 375.0 0.0051 10784.7135
