17.0 12.0 0.0041 10787.7067
43.0 15.0 0.0051 10784.6727
67.0 18.0 0.0052 10784.4328
94.0 7.0 0.0042 10787.3384
125.0 16.0 0.0046 10786.2324
155.0 8.0 0.0041 10787.5597
171.0 23.0 0.0048 10785.5159
211.0 3.0 0.0051 10784.7697
241.0 23.0 0.0057 10782.9505
272.0 8.0 0.0050 10784.8606
296.0 16.0 0.0052 10784.3120
328.0 14.0 0.0050 10785.1045
352.0 7.0 0.0049 10785.2263
376.0 3.0 0.0054 10783.9410
412.0 7.0 0.0043 10787.1400
437.0 15.0 0.0046 10786.0748
461.0 16.0 0.0050 10784.9911
485.0 18.0 0.0053 10784.0776
15.0 31.0 0.0034 10789.7510
40.0 43.0 0.0050 10784.8712
69.0 45.0 0.0043 10786.9680
94.0 48.0 0.0051 10784.7536
128.0 51.0 0.0041 10787.5697
154.0 31.0 0.0057 10782.7983
173.0 52.0 0.0046 10786.0925
200.0 33.0 0.0047 10785.9473
233.0 47.0 0.0049 10785.2944
269.0 35.0 0.0045 10786.6061
296.0 33.0 0.0054 10783.6980
330.0 38.0 0.0051 10784.5764
349.0 39.0 0.0052 10784.5129
379.0 34.0 0.0048 10785.7400
402.0 51.0 0.0043 10787.1517
425.0 30.0 0.0048 10785.5281
459.0 38.0 0.0043 10787.0200
482.0 43.0 0.0046 10786.0778
21.0 62.0 0.0048 10785.6723
32.0 63.0 0.0052 10784.3643
61.0 79.0 0.0219 10734.1726
97.0 79.0 0.0135 10759.5983
123.0 73.0 0.0049 10785.3293
141.0 71.0 0.0283 10715.1057
179.0 75.0 0.0212 10736.3326
202.0 59.0 0.0053 10784.1442
246.0 67.0 0.0050 10785.1344
260.0 66.0 0.0053 10784.1900
293.0 62.0 0.0136 10759.2104
309.0 59.0 0.0146 10756.2485
338.0 65.0 0.0045 10786.3580
374.0 68.0 0.0052 10784.3697
408.0 72.0 0.0049 10785.3601
429.0 63.0 0.0047 10785.9812
465.0 71.0 0.0054 10783.7925
495.0 79.0 0.0043 10787.1395
5.0 89.0 0.0052 10784.3100
30.0 103.0 0.0049 10785.2260
77.0 102.0 0.0049 10785.1988
107.0 92.0 0.0045 10786.3927
117.0 86.0 0.0325 10702.4400
152.0 106.0 0.0150 10755.0845
187.0 95.0 0.0050 10785.0843
205.0 105.0 0.0324 10702.7593
230.0 90.0 0.0143 10757.0804
265.0 89.0 0.0138 10758.4598
284.0 103.0 0.0144 10756.8579
327.0 103.0 0.0222 10733.4135
346.0 101.0 0.0136 10759.3263
384.0 105.0 0.0215 10735.4615
395.0 90.0 0.0305 10708.6143
440.0 95.0 0.0145 10756.5881
450.0 96.0 0.0042 10787.3112
482.0 87.0 0.0048 10785.6965
10.0 118.0 0.0046 10786.1148
38.0 127.0 0.0044 10786.9172
60.0 120.0 0.0051 10784.8094
89.0 113.0 0.0118 10764.5431
134.0 117.0 0.0051 10784.6574
160.0 114.0 0.0046 10786.3272
188.0 133.0 0.0946 10516.2230
204.0 118.0 0.0136 10759.1076
233.0 128.0 0.0139 10758.3212
274.0 117.0 0.0421 10673.7056
301.0 121.0 0.0131 10760.6365
314.0 121.0 0.0137 10758.8272
344.0 135.0 0.0386 10684.1053
383.0 130.0 0.0234 10729.9133
413.0 130.0 0.0134 10759.7123
425.0 114.0 0.0139 10758.3990
459.0 130.0 0.0047 10785.9552
494.0 118.0 0.0048 10785.5425
20.0 156.0 0.0046 10786.1176
45.0 147.0 0.0046 10786.3468
71.0 145.0 0.0138 10758.7495
102.0 157.0 0.0213 10735.9953
113.0 151.0 0.0389 10683.2557
149.0 142.0 0.0219 10734.3592
171.0 162.0 0.0038 10788.5857
198.0 147.0 0.0372 10688.4581
226.0 163.0 0.0052 10784.4850
257.0 163.0 0.0255 10723.5984
287.0 142.0 0.0600 10620.0830
329.0 149.0 0.0457 10662.8298
338.0 149.0 0.0145 10756.4623
367.0 151.0 0.0051 10784.6240
408.0 162.0 0.0051 10784.7428
427.0 144.0 0.0050 10785.0660
455.0 156.0 0.0053 10784.2022
494.0 156.0 0.0046 10786.2995
13.0 171.0 0.0052 10784.5255
46.0 187.0 0.0049 10785.4247
71.0 175.0 0.0133 10759.9642
107.0 188.0 0.0043 10787.1773
122.0 176.0 0.0648 10605.4688
156.0 190.0 0.0204 10738.8408
190.0 185.0 0.0337 10699.0132
212.0 176.0 0.0401 10679.7046
246.0 181.0 0.0358 10692.6189
260.0 187.0 0.0647 10605.8781
288.0 179.0 0.0300 10709.9211
309.0 176.0 0.0443 10666.9588
347.0 173.0 0.0778 10566.4640
378.0 187.0 0.0223 10733.1767
406.0 189.0 0.0141 10757.7350
431.0 184.0 0.0056 10783.2558
456.0 179.0 0.0051 10784.7492
485.0 190.0 0.0053 10784.1079
8.0 203.0 0.0044 10786.6611
40.0 218.0 0.0049 10785.3743
66.0 208.0 0.0048 10785.5608
107.0 210.0 0.0047 10785.7764
131.0 200.0 0.0314 10705.8086
163.0 207.0 0.0044 10786.9041
179.0 207.0 0.0733 10580.1336
212.0 215.0 0.0315 10705.4155
231.0 209.0 0.2006 10198.3415
269.0 206.0 0.1541 10337.8319
297.0 201.0 0.0500 10649.9180
324.0 209.0 0.0233 10730.0787
339.0 214.0 0.0543 10637.0536
378.0 199.0 0.0218 10734.5737
400.0 213.0 0.0234 10729.7343
425.0 202.0 0.0053 10784.2498
465.0 219.0 0.0049 10785.4363
481.0 206.0 0.0044 10786.9039
11.0 246.0 0.0048 10785.5381
31.0 244.0 0.0044 10786.7490
66.0 241.0 0.0242 10727.5347
94.0 244.0 0.0226 10732.3121
132.0 226.0 0.0152 10754.4731
151.0 229.0 0.0395 10681.6467
191.0 243.0 0.0404 10678.8511
199.0 225.0 0.0032 10790.4907
229.0 246.0 0.0901 10529.5915
264.0 231.0 0.0951 10514.7857
285.0 240.0 0.0218 10734.5860
315.0 239.0 0.1443 10367.0315
357.0 231.0 0.0206 10738.3377
381.0 230.0 0.0272 10718.2934
395.0 237.0 0.0210 10736.9035
434.0 246.0 0.0044 10786.6598
458.0 226.0 0.0046 10786.2093
478.0 240.0 0.0043 10787.1026
11.0 262.0 0.0052 10784.4651
48.0 253.0 0.0056 10783.0515
62.0 271.0 0.0048 10785.7396
106.0 267.0 0.0323 10703.0706
128.0 274.0 0.0319 10704.3184
157.0 270.0 0.0320 10703.9660
171.0 261.0 0.0573 10627.9940
214.0 260.0 0.0814 10555.9024
244.0 263.0 0.1734 10279.7834
269.0 266.0 0.1153 10454.1761
292.0 268.0 0.0502 10649.2873
325.0 270.0 0.0639 10608.2421
338.0 255.0 0.0143 10757.1227
383.0 271.0 0.0134 10759.7670
403.0 272.0 0.0134 10759.8591
426.0 261.0 0.0052 10784.3002
466.0 258.0 0.0053 10783.9935
488.0 267.0 0.0048 10785.5450
13.0 284.0 0.0050 10784.9567
42.0 294.0 0.0048 10785.6024
74.0 292.0 0.0229 10731.3236
99.0 288.0 0.0128 10761.4705
124.0 283.0 0.0048 10785.7174
152.0 289.0 0.0054 10783.7905
173.0 299.0 0.0392 10682.2685
200.0 284.0 0.0495 10651.5829
246.0 300.0 0.0452 10664.2552
272.0 289.0 0.0507 10647.7798
286.0 293.0 0.0383 10685.0176
325.0 295.0 0.0675 10597.5994
353.0 288.0 0.0591 10622.5846
373.0 281.0 0.0135 10759.4234
402.0 287.0 0.0042 10787.3461
430.0 290.0 0.0044 10786.8804
463.0 289.0 0.0052 10784.2898
497.0 294.0 0.0051 10784.5874
4.0 313.0 0.0042 10787.4667
52.0 312.0 0.0048 10785.6782
62.0 312.0 0.0044 10786.6512
100.0 322.0 0.0039 10788.3168
121.0 324.0 0.0522 10643.5467
156.0 309.0 0.0289 10713.3984
174.0 316.0 0.0230 10731.0165
204.0 317.0 0.0544 10636.8830
242.0 318.0 0.0677 10596.8970
273.0 330.0 0.1515 10345.5109
300.0 326.0 0.0142 10757.5228
325.0 312.0 0.0519 10644.3195
356.0 323.0 0.0399 10680.1504
379.0 314.0 0.0279 10716.1940
411.0 308.0 0.0323 10703.1167
421.0 309.0 0.0117 10765.0495
451.0 321.0 0.0054 10783.7645
493.0 328.0 0.0050 10785.0632
12.0 352.0 0.0051 10784.6192
40.0 351.0 0.0055 10783.4331
59.0 349.0 0.0140 10758.0408
107.0 337.0 0.0223 10733.2112
122.0 352.0 0.0139 10758.2858
143.0 337.0 0.0912 10526.4747
173.0 337.0 0.0052 10784.2627
211.0 337.0 0.0656 10603.3433
240.0 352.0 0.0051 10784.8057
260.0 339.0 0.0257 10722.7771
290.0 356.0 0.0115 10765.3651
314.0 343.0 0.0352 10694.3222
357.0 355.0 0.0520 10643.8835
381.0 349.0 0.0209 10737.4128
412.0 342.0 0.0049 10785.2295
423.0 338.0 0.0055 10783.5824
460.0 342.0 0.0047 10786.0255
475.0 348.0 0.0042 10787.4215
15.0 365.0 0.0040 10787.9069
48.0 370.0 0.0050 10784.8669
62.0 382.0 0.0216 10735.1382
92.0 385.0 0.0115 10765.4234
118.0 382.0 0.0135 10759.3985
160.0 378.0 0.0041 10787.7658
178.0 382.0 0.0197 10740.7901
216.0 371.0 0.0133 10759.9901
237.0 364.0 0.0136 10759.0830
259.0 384.0 0.0315 10705.6401
289.0 366.0 0.0223 10733.0875
323.0 376.0 0.0192 10742.4516
341.0 373.0 0.0047 10785.7735
382.0 378.0 0.0498 10650.7341
411.0 369.0 0.0122 10763.4120
429.0 381.0 0.0141 10757.6355
448.0 377.0 0.0042 10787.3437
479.0 376.0 0.0051 10784.8482
10.0 401.0 0.0051 10784.6832
46.0 402.0 0.0155 10753.4644
58.0 401.0 0.0044 10786.8014
100.0 401.0 0.0046 10786.3406
130.0 398.0 0.0050 10784.8561
161.0 413.0 0.0225 10732.3900
175.0 404.0 0.0551 10634.5832
213.0 395.0 0.0227 10731.9993
230.0 407.0 0.0336 10699.2218
268.0 411.0 0.0206 10738.0622
294.0 391.0 0.0053 10784.1477
322.0 400.0 0.0295 10711.3559
339.0 403.0 0.0051 10784.6118
385.0 392.0 0.0149 10755.2196
396.0 401.0 0.0133 10760.0590
436.0 397.0 0.0149 10755.1805
450.0 410.0 0.0042 10787.4354
489.0 401.0 0.0047 10786.0032
7.0 420.0 0.0052 10784.3352
32.0 437.0 0.0043 10787.2491
77.0 440.0 0.0050 10785.1121
101.0 427.0 0.0145 10756.3565
131.0 424.0 0.0149 10755.2310
142.0 424.0 0.0054 10783.6590
169.0 434.0 0.0048 10785.5580
205.0 435.0 0.0045 10786.4564
244.0 422.0 0.0057 10782.9484
270.0 423.0 0.0049 10785.3156
300.0 441.0 0.0046 10786.0974
314.0 423.0 0.0050 10785.0432
347.0 441.0 0.0041 10787.6528
366.0 424.0 0.0207 10737.7834
396.0 430.0 0.0142 10757.2692
429.0 420.0 0.0047 10786.0255
459.0 437.0 0.0053 10784.1487
486.0 435.0 0.0046 10786.1107
20.0 456.0 0.0046 10786.1933
33.0 464.0 0.0050 10785.1230
73.0 453.0 0.0047 10785.8586
102.0 455.0 0.0047 10785.8237
114.0 467.0 0.0049 10785.4319
150.0 452.0 0.0049 10785.2407
189.0 457.0 0.0039 10788.1685
219.0 461.0 0.0050 10784.9151
239.0 467.0 0.0051 10784.5650
256.0 461.0 0.0042 10787.3994
292.0 447.0 0.0048 10785.4681
317.0 450.0 0.0057 10782.9045
341.0 461.0 0.0048 10785.6439
364.0 451.0 0.0048 10785.5281
409.0 463.0 0.0053 10784.0247
422.0 451.0 0.0136 10759.1381
452.0 454.0 0.0040 10788.0481
482.0 467.0 0.0048 10785.4847
4.0 477.0 0.0054 10783.8447
37.0 486.0 0.0049 10785.3604
67.0 486.0 0.0056 10783.2679
107.0 483.0 0.0051 10784.6253
132.0 480.0 0.0051 10784.6480
154.0 489.0 0.0053 10784.2435
170.0 488.0 0.0055 10783.5215
200.0 486.0 0.0052 10784.3624
236.0 494.0 0.0049 10785.1765
272.0 485.0 0.0048 10785.5364
288.0 489.0 0.0041 10787.6432
309.0 485.0 0.0047 10785.8979
343.0 486.0 0.0046 10786.0807
366.0 475.0 0.0045 10786.5849
393.0 493.0 0.0043 10787.1602
424.0 477.0 0.0042 10787.3522
453.0 496.0 0.0050 10785.0253
493.0 495.0 0.0049 10785.2922
435.0 321.0 0.0047 10785.8743
168.0 202.0 0.0294 10711.8391
413.0 406.0 0.0045 10786.5573
413.0 85.0 0.0233 10730.2124
201.0 206.0 0.0866 10540.2179
279.0 153.0 0.0128 10761.7179
356.0 483.0 0.0056 10783.2595
366.0 105.0 0.0049 10785.4228
130.0 477.0 0.0056 10783.3468
151.0 122.0 0.0149 10755.3734
191.0 262.0 0.0803 10559.2090
118.0 417.0 0.0049 10785.3295
302.0 379.0 0.0398 10680.4984
436.0 425.0 0.0040 10787.9715
134.0 299.0 0.0053 10784.2122
193.0 335.0 0.0420 10674.0974
430.0 169.0 0.0142 10757.4013
480.0 232.0 0.0050 10785.1040
65.0 52.0 0.0041 10787.5711
144.0 262.0 0.0138 10758.6146
414.0 180.0 0.0303 10709.1751
277.0 29.0 0.0047 10785.8532
48.0 333.0 0.0050 10785.0596
79.0 106.0 0.0041 10787.6870
83.0 349.0 0.0222 10733.4710
248.0 34.0 0.0051 10784.6204
