17.0 25.0 0.0047 10785.7815
37.0 24.0 0.0052 10784.4532
81.0 3.0 0.0046 10786.0699
98.0 24.0 0.0047 10785.9048
117.0 2.0 0.0042 10787.3824
140.0 9.0 0.0052 10784.4042
181.0 10.0 0.0045 10786.4503
220.0 19.0 0.0048 10785.5535
226.0 20.0 0.0052 10784.5425
254.0 20.0 0.0052 10784.2764
291.0 23.0 0.0051 10784.7269
324.0 18.0 0.0045 10786.5371
354.0 24.0 0.0051 10784.6523
385.0 17.0 0.0051 10784.7843
414.0 15.0 0.0047 10785.8548
440.0 8.0 0.0042 10787.3280
454.0 19.0 0.0051 10784.5595
498.0 7.0 0.0047 10785.8410
7.0 34.0 0.0045 10786.5588
32.0 43.0 0.0046 10786.0656
72.0 48.0 0.0053 10784.1924
91.0 41.0 0.0048 10785.4907
133.0 36.0 0.0043 10787.0863
152.0 34.0 0.0041 10787.6458
172.0 41.0 0.0046 10786.2636
211.0 37.0 0.0046 10786.2033
225.0 52.0 0.0047 10785.9762
263.0 33.0 0.0045 10786.4089
284.0 53.0 0.0047 10785.7767
315.0 39.0 0.0051 10784.8154
335.0 37.0 0.0049 10785.2035
364.0 29.0 0.0046 10786.3315
400.0 52.0 0.0123 10763.0461
418.0 35.0 0.0049 10785.2518
464.0 36.0 0.0041 10787.7185
487.0 48.0 0.0053 10784.0247
17.0 69.0 0.0044 10786.9193
36.0 65.0 0.0054 10783.6657
66.0 57.0 0.0055 10783.6484
86.0 67.0 0.0043 10787.0598
116.0 71.0 0.0139 10758.4338
150.0 68.0 0.0124 10762.6517
184.0 72.0 0.0053 10784.1010
212.0 81.0 0.0126 10762.2620
242.0 61.0 0.0048 10785.6369
251.0 57.0 0.0051 10784.8404
285.0 77.0 0.0048 10785.6798
326.0 76.0 0.0150 10754.8986
344.0 71.0 0.0116 10765.2747
385.0 65.0 0.0126 10762.2943
394.0 71.0 0.0042 10787.5478
436.0 61.0 0.0129 10761.2881
465.0 67.0 0.0052 10784.4791
481.0 59.0 0.0049 10785.2403
23.0 102.0 0.0053 10784.1480
43.0 96.0 0.0049 10785.2972
65.0 104.0 0.0123 10763.2181
89.0 103.0 0.0140 10757.8741
127.0 98.0 0.0047 10785.9187
147.0 96.0 0.0511 10646.6485
183.0 95.0 0.0278 10716.5791
209.0 106.0 0.0047 10785.8652
241.0 103.0 0.0308 10707.5125
257.0 102.0 0.0140 10758.0621
293.0 105.0 0.0054 10783.8440
322.0 101.0 0.0319 10704.2751
347.0 85.0 0.0140 10757.8728
372.0 96.0 0.0049 10785.2641
408.0 108.0 0.0125 10762.3965
439.0 109.0 0.0046 10786.3380
462.0 98.0 0.0051 10784.6098
480.0 107.0 0.0049 10785.2801
11.0 119.0 0.0043 10787.0892
41.0 118.0 0.0043 10787.0480
72.0 125.0 0.0143 10757.0724
109.0 117.0 0.0219 10734.3131
114.0 135.0 0.0052 10784.5290
164.0 124.0 0.0045 10786.5060
183.0 120.0 0.0232 10730.3568
212.0 112.0 0.0281 10715.5662
244.0 114.0 0.0224 10732.7891
254.0 124.0 0.0251 10724.7171
300.0 117.0 0.0146 10756.1856
314.0 126.0 0.0135 10759.4456
343.0 133.0 0.0301 10709.6286
383.0 118.0 0.0418 10674.5540
406.0 128.0 0.0136 10759.3206
437.0 130.0 0.0051 10784.7505
460.0 129.0 0.0045 10786.6320
481.0 118.0 0.0050 10784.8812
6.0 152.0 0.0052 10784.5224
34.0 158.0 0.0052 10784.3304
74.0 149.0 0.0044 10786.8946
108.0 158.0 0.0776 10567.2852
125.0 140.0 0.0119 10764.3430
148.0 142.0 0.0049 10785.3627
176.0 158.0 0.1214 10435.6516
213.0 159.0 0.0602 10619.3776
243.0 144.0 0.0199 10740.1623
262.0 142.0 0.0042 10787.4561
302.0 161.0 0.0497 10650.9301
311.0 156.0 0.0130 10760.9723
343.0 149.0 0.0677 10596.9929
369.0 149.0 0.0136 10759.3118
408.0 149.0 0.0144 10756.8793
436.0 146.0 0.0044 10786.9155
462.0 149.0 0.0039 10788.2186
495.0 144.0 0.0046 10786.2903
8.0 171.0 0.0049 10785.3290
41.0 187.0 0.0048 10785.5376
71.0 171.0 0.0045 10786.4165
92.0 174.0 0.0239 10728.1574
134.0 173.0 0.0126 10762.2847
147.0 171.0 0.0431 10670.6323
168.0 189.0 0.0042 10787.3220
218.0 183.0 0.0121 10763.7278
244.0 180.0 0.1015 10495.4940
265.0 179.0 0.0045 10786.5310
293.0 182.0 0.0566 10630.2702
307.0 189.0 0.0047 10785.8754
345.0 176.0 0.0219 10734.2011
370.0 183.0 0.0233 10730.2206
399.0 174.0 0.0231 10730.6368
418.0 191.0 0.0122 10763.4310
468.0 171.0 0.0057 10783.0389
495.0 182.0 0.0046 10786.3476
15.0 196.0 0.0055 10783.5576
36.0 203.0 0.0050 10784.8667
65.0 212.0 0.0045 10786.3907
96.0 219.0 0.0319 10704.2829
113.0 201.0 0.0117 10764.9141
148.0 205.0 0.0458 10662.7345
176.0 198.0 0.0307 10708.0455
209.0 202.0 0.0937 10518.9063
239.0 201.0 0.0234 10729.8678
265.0 203.0 0.0031 10790.6332
297.0 206.0 0.1305 10408.5984
323.0 200.0 0.0055 10783.5564
358.0 220.0 0.0749 10575.1944
384.0 197.0 0.0238 10728.5897
393.0 219.0 0.0127 10761.7716
442.0 199.0 0.0052 10784.3038
463.0 206.0 0.0045 10786.4589
496.0 218.0 0.0040 10788.1052
5.0 236.0 0.0051 10784.8486
34.0 245.0 0.0049 10785.1536
65.0 238.0 0.0053 10784.0708
91.0 244.0 0.0241 10727.8393
118.0 224.0 0.0286 10714.0944
163.0 228.0 0.1165 10450.5675
177.0 226.0 0.0820 10553.9668
209.0 243.0 0.0429 10671.2288
223.0 238.0 0.0452 10664.5316
258.0 235.0 0.1194 10441.8770
294.0 234.0 0.1351 10394.6996
325.0 230.0 0.0225 10732.4578
336.0 230.0 0.0326 10702.1236
365.0 237.0 0.0122 10763.4006
401.0 246.0 0.0142 10757.5359
427.0 246.0 0.0125 10762.5750
454.0 234.0 0.0055 10783.3995
474.0 225.0 0.0042 10787.4289
3.0 270.0 0.0046 10786.2726
30.0 275.0 0.0054 10783.6540
79.0 274.0 0.0129 10761.2598
103.0 267.0 0.0042 10787.2520
116.0 270.0 0.0200 10740.0461
153.0 270.0 0.0501 10649.5891
183.0 259.0 0.0822 10553.4257
206.0 261.0 0.0579 10626.1681
238.0 257.0 0.1911 10226.6026
273.0 263.0 0.2406 10078.2020
282.0 273.0 0.0026 10792.2937
319.0 275.0 0.0040 10787.8692
352.0 271.0 0.0634 10609.8790
377.0 260.0 0.0140 10758.0953
410.0 259.0 0.0157 10752.7696
436.0 262.0 0.0049 10785.1929
464.0 259.0 0.0050 10784.9160
486.0 270.0 0.0051 10784.7648
11.0 280.0 0.0051 10784.6080
42.0 288.0 0.0040 10787.9472
70.0 304.0 0.0050 10784.9228
87.0 303.0 0.0042 10787.3824
112.0 287.0 0.0128 10761.6505
147.0 298.0 0.0485 10654.4434
180.0 280.0 0.1039 10488.2512
216.0 282.0 0.0095 10771.5506
228.0 301.0 0.0545 10636.6002
266.0 283.0 0.0418 10674.4728
290.0 282.0 0.0755 10573.4015
311.0 286.0 0.0186 10744.1436
335.0 292.0 0.1084 10474.7103
385.0 289.0 0.0143 10757.1726
390.0 296.0 0.0123 10763.0493
432.0 284.0 0.0046 10786.1172
467.0 300.0 0.0053 10784.1277
494.0 288.0 0.0053 10783.9569
25.0 312.0 0.0045 10786.3747
37.0 328.0 0.0048 10785.5774
77.0 310.0 0.0051 10784.7033
104.0 311.0 0.0219 10734.1588
114.0 330.0 0.0050 10784.9666
161.0 321.0 0.0124 10762.8975
183.0 324.0 0.0417 10674.7741
199.0 328.0 0.0041 10787.5593
227.0 321.0 0.0708 10587.7310
266.0 316.0 0.0656 10603.1745
283.0 310.0 0.0951 10514.7436
331.0 307.0 0.0196 10741.2820
336.0 310.0 0.0045 10786.4970
370.0 318.0 0.0051 10784.8112
395.0 327.0 0.0206 10738.0517
422.0 318.0 0.0224 10732.8120
453.0 310.0 0.0049 10785.2006
496.0 322.0 0.0043 10787.0739
21.0 342.0 0.0054 10783.9185
36.0 346.0 0.0061 10781.7625
69.0 340.0 0.0234 10729.7555
95.0 341.0 0.0154 10753.7796
126.0 346.0 0.0675 10597.4997
141.0 340.0 0.0511 10646.7454
169.0 338.0 0.0506 10648.1883
212.0 334.0 0.1271 10418.7090
242.0 347.0 0.0530 10640.9322
252.0 352.0 0.0040 10787.9321
302.0 358.0 0.0398 10680.6433
309.0 339.0 0.0474 10657.8506
357.0 344.0 0.0475 10657.5132
380.0 358.0 0.0471 10658.5976
400.0 350.0 0.0054 10783.6847
427.0 352.0 0.0279 10716.4441
469.0 334.0 0.0048 10785.6406
492.0 355.0 0.0044 10786.7477
3.0 380.0 0.0045 10786.5899
44.0 371.0 0.0050 10784.9836
71.0 385.0 0.0048 10785.5469
99.0 375.0 0.0048 10785.6058
121.0 383.0 0.0134 10759.7846
159.0 366.0 0.0135 10759.5224
187.0 367.0 0.0050 10784.9810
205.0 379.0 0.0223 10733.0822
237.0 376.0 0.0296 10711.3288
261.0 387.0 0.0039 10788.4040
288.0 377.0 0.0118 10764.6007
315.0 385.0 0.0135 10759.4198
347.0 375.0 0.0236 10729.1153
363.0 381.0 0.0128 10761.6980
411.0 383.0 0.0051 10784.6430
423.0 364.0 0.0123 10763.1278
451.0 367.0 0.0040 10788.0052
483.0 386.0 0.0036 10789.1841
3.0 399.0 0.0050 10785.1458
37.0 393.0 0.0045 10786.3642
71.0 400.0 0.0121 10763.8183
85.0 397.0 0.0299 10710.1742
117.0 409.0 0.0145 10756.3999
162.0 403.0 0.0053 10784.0117
176.0 408.0 0.0043 10787.2392
206.0 410.0 0.0309 10707.3908
235.0 413.0 0.0228 10731.5756
259.0 393.0 0.0121 10763.7184
279.0 395.0 0.0045 10786.4906
316.0 392.0 0.0224 10732.7508
345.0 410.0 0.0372 10688.4347
386.0 409.0 0.0120 10764.0787
413.0 398.0 0.0208 10737.6043
442.0 404.0 0.0130 10761.0022
452.0 410.0 0.0051 10784.5554
485.0 390.0 0.0038 10788.6620
17.0 429.0 0.0043 10786.9668
29.0 442.0 0.0038 10788.5384
79.0 420.0 0.0236 10729.3496
93.0 432.0 0.0042 10787.3772
134.0 443.0 0.0048 10785.5344
152.0 426.0 0.0245 10726.3680
183.0 418.0 0.0056 10783.0656
214.0 425.0 0.0048 10785.4736
239.0 420.0 0.0048 10785.4854
260.0 423.0 0.0045 10786.5912
297.0 442.0 0.0045 10786.3726
331.0 431.0 0.0049 10785.3450
342.0 438.0 0.0050 10784.8685
383.0 435.0 0.0124 10762.7591
404.0 433.0 0.0138 10758.6230
429.0 419.0 0.0128 10761.4721
454.0 426.0 0.0047 10785.7921
481.0 442.0 0.0048 10785.6194
4.0 457.0 0.0048 10785.5797
36.0 451.0 0.0041 10787.7847
75.0 456.0 0.0049 10785.4145
107.0 455.0 0.0043 10787.0396
119.0 448.0 0.0040 10788.0585
157.0 469.0 0.0044 10786.8545
189.0 461.0 0.0050 10784.9531
200.0 467.0 0.0052 10784.5329
239.0 447.0 0.0042 10787.3835
269.0 458.0 0.0049 10785.2497
279.0 448.0 0.0050 10784.9933
327.0 450.0 0.0052 10784.4054
353.0 450.0 0.0041 10787.7947
373.0 464.0 0.0047 10785.9009
411.0 466.0 0.0050 10784.9097
435.0 449.0 0.0048 10785.5530
470.0 462.0 0.0045 10786.5193
497.0 452.0 0.0042 10787.5226
23.0 483.0 0.0053 10784.2151
35.0 496.0 0.0049 10785.1803
71.0 482.0 0.0053 10784.2197
98.0 494.0 0.0050 10785.1025
112.0 482.0 0.0039 10788.1610
159.0 478.0 0.0049 10785.2797
189.0 491.0 0.0054 10783.8366
213.0 483.0 0.0045 10786.6254
230.0 494.0 0.0045 10786.3749
263.0 478.0 0.0045 10786.3880
289.0 496.0 0.0044 10786.6910
323.0 476.0 0.0047 10785.9582
358.0 498.0 0.0047 10785.9139
369.0 475.0 0.0035 10789.5325
396.0 477.0 0.0049 10785.2018
434.0 474.0 0.0044 10786.9492
468.0 488.0 0.0048 10785.6003
477.0 493.0 0.0053 10784.1972
138.0 377.0 0.0304 10708.8501
313.0 245.0 0.0960 10512.0709
417.0 174.0 0.0289 10713.1601
277.0 411.0 0.0116 10765.3366
226.0 6.0 0.0041 10787.6641
137.0 8.0 0.0049 10785.3895
281.0 276.0 0.0028 10791.7170
65.0 310.0 0.0046 10786.2806
116.0 101.0 0.0053 10784.0275
477.0 14.0 0.0053 10784.0636
105.0 375.0 0.0052 10784.3106
372.0 311.0 0.0798 10560.7356
240.0 212.0 0.1444 10366.9126
300.0 437.0 0.0045 10786.6409
8.0 227.0 0.0052 10784.4895
410.0 93.0 0.0321 10703.7790
468.0 372.0 0.0054 10783.8904
13.0 204.0 0.0049 10785.2694
51.0 152.0 0.0046 10786.2397
349.0 360.0 0.0207 10737.8764
9.0 32.0 0.0049 10785.3805
436.0 496.0 0.0042 10787.2709
381.0 450.0 0.0049 10785.2457
82.0 152.0 0.0128 10761.5397
317.0 173.0 0.0509 10647.2136
52.0 107.0 0.0274 10717.6793
