27.0 3.0 0.0044 10786.8459
46.0 14.0 0.0058 10782.7366
73.0 16.0 0.0053 10784.0206
100.0 8.0 0.0045 10786.6474
116.0 22.0 0.0051 10784.6814
156.0 14.0 0.0050 10785.1371
176.0 6.0 0.0047 10786.0026
197.0 22.0 0.0046 10786.0621
240.0 3.0 0.0055 10783.5071
258.0 0.0 0.0048 10785.6430
290.0 10.0 0.0051 10784.6838
322.0 1.0 0.0047 10786.0255
346.0 15.0 0.0055 10783.5595
375.0 0.0 0.0049 10785.2626
412.0 7.0 0.0043 10787.0746
440.0 10.0 0.0047 10785.9635
469.0 15.0 0.0051 10784.8132
492.0 26.0 0.0052 10784.4549
8.0 42.0 0.0042 10787.4564
30.0 43.0 0.0049 10785.3094
72.0 53.0 0.0050 10784.9160
104.0 43.0 0.0045 10786.5606
112.0 27.0 0.0047 10785.7916
138.0 41.0 0.0054 10783.8152
172.0 54.0 0.0051 10784.6278
211.0 47.0 0.0044 10786.9117
225.0 43.0 0.0052 10784.4498
268.0 38.0 0.0044 10786.6825
302.0 53.0 0.0053 10784.2427
308.0 31.0 0.0049 10785.4460
354.0 45.0 0.0043 10787.2053
387.0 37.0 0.0148 10755.5277
407.0 50.0 0.0130 10761.1386
426.0 29.0 0.0045 10786.6077
446.0 39.0 0.0045 10786.5712
495.0 44.0 0.0052 10784.5400
25.0 57.0 0.0046 10786.1962
49.0 66.0 0.0049 10785.3051
63.0 80.0 0.0136 10759.2931
96.0 72.0 0.0043 10786.9735
111.0 82.0 0.0041 10787.6465
140.0 71.0 0.0047 10786.0261
187.0 59.0 0.0049 10785.1665
206.0 63.0 0.0044 10786.6611
229.0 69.0 0.0047 10785.8374
267.0 77.0 0.0145 10756.5489
290.0 60.0 0.0039 10788.2863
309.0 68.0 0.0048 10785.4980
349.0 62.0 0.0042 10787.5438
370.0 81.0 0.0210 10736.8501
392.0 82.0 0.0132 10760.2945
441.0 71.0 0.0047 10785.8181
468.0 72.0 0.0056 10783.2151
490.0 70.0 0.0046 10786.2378
17.0 103.0 0.0041 10787.6259
45.0 104.0 0.0043 10787.1701
73.0 90.0 0.0135 10759.6333
100.0 86.0 0.0130 10760.8539
119.0 89.0 0.0235 10729.5269
141.0 106.0 0.0413 10676.0934
184.0 93.0 0.0318 10704.6265
198.0 106.0 0.0143 10757.0105
248.0 91.0 0.0145 10756.4013
266.0 101.0 0.0058 10782.6680
284.0 96.0 0.0148 10755.5782
314.0 97.0 0.0156 10753.2314
341.0 92.0 0.0331 10700.5857
384.0 97.0 0.0193 10742.2388
407.0 95.0 0.0052 10784.3659
424.0 96.0 0.0207 10737.9143
462.0 89.0 0.0048 10785.7091
496.0 103.0 0.0051 10784.7910
4.0 124.0 0.0051 10784.7170
43.0 121.0 0.0042 10787.3155
78.0 120.0 0.0137 10758.8024
109.0 137.0 0.0049 10785.4292
135.0 132.0 0.0317 10704.7550
148.0 137.0 0.0284 10714.7675
178.0 119.0 0.0142 10757.4096
212.0 127.0 0.0213 10736.1641
247.0 117.0 0.0309 10707.3303
262.0 116.0 0.0048 10785.5812
290.0 113.0 0.0200 10739.9289
333.0 119.0 0.0133 10760.0632
341.0 114.0 0.0221 10733.7345
375.0 116.0 0.0046 10786.2446
404.0 134.0 0.0156 10753.1509
437.0 134.0 0.0138 10758.4876
471.0 136.0 0.0045 10786.5835
475.0 129.0 0.0047 10785.7860
2.0 155.0 0.0049 10785.4392
45.0 146.0 0.0046 10786.3340
71.0 147.0 0.0212 10736.4681
96.0 153.0 0.0052 10784.3295
115.0 147.0 0.0197 10740.9515
138.0 154.0 0.0472 10658.5323
189.0 141.0 0.0470 10658.8560
202.0 139.0 0.0251 10724.5537
229.0 151.0 0.0140 10758.0523
251.0 160.0 0.0400 10680.0846
288.0 162.0 0.0364 10690.8444
306.0 150.0 0.0411 10676.6648
344.0 156.0 0.0843 10547.0002
367.0 142.0 0.0284 10714.8041
395.0 139.0 0.0497 10650.9720
425.0 151.0 0.0144 10756.7407
457.0 160.0 0.0039 10788.1559
475.0 140.0 0.0043 10786.9573
15.0 184.0 0.0048 10785.7436
42.0 170.0 0.0050 10784.8545
79.0 192.0 0.0121 10763.6375
110.0 185.0 0.0051 10784.8413
116.0 187.0 0.0046 10786.2984
138.0 179.0 0.0586 10624.3104
182.0 181.0 0.0752 10574.4946
212.0 174.0 0.0753 10574.0904
239.0 171.0 0.0043 10787.0928
256.0 174.0 0.0390 10682.9201
284.0 185.0 0.0709 10587.3244
330.0 194.0 0.0512 10646.4595
342.0 178.0 0.0233 10730.1777
363.0 179.0 0.0325 10702.6438
394.0 186.0 0.0230 10730.9677
433.0 173.0 0.0059 10782.1969
469.0 188.0 0.0047 10785.8847
497.0 184.0 0.0050 10785.0778
7.0 197.0 0.0058 10782.5288
55.0 197.0 0.0137 10759.0399
67.0 214.0 0.0046 10786.2550
95.0 202.0 0.0222 10733.4002
114.0 221.0 0.0207 10737.8939
151.0 213.0 0.0473 10658.1760
189.0 220.0 0.1992 10202.4948
198.0 199.0 0.0515 10645.5634
245.0 199.0 0.1003 10499.0483
261.0 206.0 0.0245 10726.3598
285.0 210.0 0.0028 10791.6116
321.0 196.0 0.0704 10588.8280
349.0 205.0 0.0320 10704.0426
375.0 202.0 0.0051 10784.7830
412.0 221.0 0.0217 10735.0293
433.0 200.0 0.0050 10785.0963
455.0 219.0 0.0053 10784.0568
497.0 208.0 0.0047 10786.0196
8.0 236.0 0.0049 10785.3958
35.0 236.0 0.0045 10786.3784
70.0 247.0 0.0051 10784.7099
91.0 247.0 0.0237 10729.0036
138.0 239.0 0.0045 10786.3584
163.0 226.0 0.0045 10786.5049
168.0 223.0 0.0332 10700.4127
220.0 233.0 0.0152 10754.2509
228.0 234.0 0.1488 10353.6112
273.0 231.0 0.1940 10218.0740
292.0 227.0 0.1052 10484.5256
309.0 238.0 0.0034 10789.9260
354.0 225.0 0.0131 10760.8133
364.0 236.0 0.0136 10759.0664
390.0 247.0 0.0047 10785.8980
432.0 237.0 0.0132 10760.4995
452.0 230.0 0.0054 10783.7854
496.0 240.0 0.0045 10786.5400
5.0 258.0 0.0053 10784.0784
28.0 263.0 0.0053 10784.0014
77.0 259.0 0.0141 10757.8430
94.0 276.0 0.0130 10760.8635
122.0 261.0 0.0126 10762.1214
163.0 263.0 0.0235 10729.4198
174.0 261.0 0.0728 10581.4966
212.0 254.0 0.0885 10534.3619
240.0 251.0 0.0079 10776.2000
276.0 269.0 0.1981 10205.8399
288.0 269.0 0.0361 10691.7723
309.0 253.0 0.0185 10744.5243
355.0 251.0 0.0317 10704.9538
376.0 261.0 0.0234 10729.8187
405.0 261.0 0.0146 10756.2781
438.0 266.0 0.0049 10785.2209
459.0 261.0 0.0048 10785.7332
479.0 267.0 0.0041 10787.5958
8.0 298.0 0.0053 10784.1564
38.0 292.0 0.0050 10785.0954
60.0 293.0 0.0036 10789.1107
103.0 297.0 0.0225 10732.5357
128.0 285.0 0.0145 10756.5468
156.0 297.0 0.0842 10547.4390
191.0 302.0 0.0539 10638.3609
211.0 291.0 0.0253 10724.0214
241.0 293.0 0.0987 10503.9572
275.0 282.0 0.0901 10529.6059
287.0 278.0 0.0093 10771.9592
320.0 304.0 0.1142 10457.2981
343.0 288.0 0.0507 10647.8372
384.0 304.0 0.0460 10662.1457
408.0 299.0 0.0322 10703.5361
441.0 290.0 0.0050 10785.0036
469.0 295.0 0.0055 10783.5100
492.0 303.0 0.0049 10785.2239
8.0 309.0 0.0050 10785.1397
41.0 316.0 0.0036 10789.2117
66.0 324.0 0.0140 10758.0138
95.0 329.0 0.0116 10765.1096
132.0 307.0 0.0049 10785.4218
153.0 324.0 0.0374 10687.7212
194.0 308.0 0.0050 10785.1420
214.0 311.0 0.0275 10717.4808
242.0 315.0 0.0039 10788.3702
261.0 311.0 0.0787 10563.9732
304.0 314.0 0.0458 10662.6623
311.0 305.0 0.1347 10395.9974
357.0 311.0 0.0240 10727.8674
377.0 331.0 0.0040 10788.0017
412.0 310.0 0.0282 10715.5138
416.0 332.0 0.0135 10759.5980
465.0 305.0 0.0049 10785.2006
479.0 318.0 0.0043 10787.1847
18.0 341.0 0.0046 10786.3138
45.0 339.0 0.0046 10786.3475
70.0 347.0 0.0136 10759.3032
100.0 346.0 0.0129 10761.1646
124.0 353.0 0.0479 10656.1515
161.0 354.0 0.0723 10583.0039
186.0 347.0 0.0804 10558.8426
219.0 347.0 0.0507 10647.7903
236.0 351.0 0.0043 10787.0031
255.0 344.0 0.0835 10549.5534
283.0 341.0 0.0369 10689.2606
328.0 341.0 0.0627 10611.9815
341.0 346.0 0.0047 10785.7546
367.0 340.0 0.0417 10674.9113
407.0 355.0 0.0140 10757.9955
426.0 347.0 0.0049 10785.3605
470.0 348.0 0.0042 10787.2707
491.0 345.0 0.0049 10785.3400
16.0 374.0 0.0053 10784.0996
49.0 386.0 0.0047 10785.7558
66.0 374.0 0.0141 10757.6291
104.0 374.0 0.0051 10784.7575
115.0 364.0 0.0382 10685.3962
151.0 362.0 0.0219 10734.1731
168.0 369.0 0.0142 10757.2868
207.0 370.0 0.0143 10756.9809
229.0 370.0 0.0129 10761.3005
252.0 387.0 0.0129 10761.2963
288.0 371.0 0.0242 10727.4987
311.0 366.0 0.0122 10763.4242
339.0 368.0 0.0116 10765.3088
362.0 383.0 0.0711 10586.7882
400.0 387.0 0.0141 10757.8160
432.0 368.0 0.0130 10760.9888
467.0 368.0 0.0047 10785.9688
474.0 372.0 0.0049 10785.2312
17.0 405.0 0.0043 10787.2181
52.0 407.0 0.0056 10783.3319
70.0 408.0 0.0202 10739.4430
92.0 409.0 0.0054 10783.9247
133.0 394.0 0.0110 10766.9600
158.0 414.0 0.0291 10712.6481
167.0 397.0 0.0201 10739.7219
201.0 416.0 0.0055 10783.4943
231.0 416.0 0.0045 10786.4854
252.0 397.0 0.0132 10760.2827
296.0 400.0 0.0297 10710.9497
312.0 402.0 0.0046 10786.2473
345.0 405.0 0.0232 10730.5257
380.0 411.0 0.0140 10757.8758
403.0 413.0 0.0046 10786.0965
429.0 393.0 0.0138 10758.5207
451.0 407.0 0.0047 10786.0170
492.0 413.0 0.0041 10787.7175
1.0 433.0 0.0052 10784.4311
51.0 427.0 0.0153 10754.2356
79.0 435.0 0.0044 10786.8944
96.0 416.0 0.0056 10783.0890
113.0 425.0 0.0052 10784.5441
164.0 436.0 0.0049 10785.4335
167.0 428.0 0.0051 10784.5968
220.0 432.0 0.0050 10785.0354
231.0 431.0 0.0057 10782.8712
275.0 435.0 0.0046 10786.3001
289.0 420.0 0.0045 10786.5407
313.0 424.0 0.0056 10783.0924
334.0 437.0 0.0043 10786.9678
380.0 428.0 0.0133 10760.0143
401.0 434.0 0.0041 10787.6671
418.0 418.0 0.0190 10743.0144
452.0 420.0 0.0048 10785.7350
498.0 435.0 0.0048 10785.6629
12.0 470.0 0.0046 10786.2294
42.0 456.0 0.0040 10788.0404
56.0 463.0 0.0038 10788.6785
96.0 470.0 0.0044 10786.9320
135.0 464.0 0.0040 10787.9311
162.0 451.0 0.0047 10785.7939
173.0 470.0 0.0047 10785.9818
203.0 470.0 0.0052 10784.2610
248.0 461.0 0.0048 10785.6088
254.0 460.0 0.0045 10786.6172
281.0 465.0 0.0050 10785.0222
322.0 447.0 0.0052 10784.2975
341.0 456.0 0.0049 10785.3521
385.0 467.0 0.0049 10785.2000
407.0 445.0 0.0129 10761.2431
420.0 465.0 0.0045 10786.5867
461.0 454.0 0.0045 10786.6372
474.0 471.0 0.0044 10786.7784
3.0 496.0 0.0052 10784.2672
29.0 479.0 0.0045 10786.3556
77.0 485.0 0.0049 10785.2595
107.0 488.0 0.0053 10783.9847
126.0 493.0 0.0050 10785.0858
149.0 493.0 0.0047 10785.9154
186.0 486.0 0.0054 10783.7820
200.0 484.0 0.0046 10786.3446
236.0 491.0 0.0042 10787.2698
273.0 476.0 0.0043 10787.0096
300.0 482.0 0.0042 10787.3678
315.0 475.0 0.0042 10787.2562
334.0 478.0 0.0045 10786.5700
361.0 484.0 0.0041 10787.7212
392.0 475.0 0.0049 10785.1786
425.0 486.0 0.0048 10785.6802
467.0 479.0 0.0044 10786.7871
485.0 484.0 0.0052 10784.5211
162.0 240.0 0.0047 10785.8054
159.0 15.0 0.0049 10785.3872
225.0 384.0 0.0309 10707.3360
75.0 66.0 0.0055 10783.5964
221.0 287.0 0.0926 10522.3408
312.0 345.0 0.0045 10786.4311
384.0 223.0 0.0048 10785.6168
274.0 72.0 0.0130 10760.9769
263.0 427.0 0.0054 10783.8874
132.0 472.0 0.0051 10784.7372
492.0 50.0 0.0048 10785.4894
74.0 286.0 0.0048 10785.5491
325.0 228.0 0.0728 10581.5386
120.0 180.0 0.0128 10761.7244
472.0 286.0 0.0054 10783.8456
440.0 164.0 0.0047 10785.9906
365.0 18.0 0.0048 10785.5882
229.0 415.0 0.0395 10681.6429
92.0 405.0 0.0316 10705.1641
359.0 436.0 0.0046 10786.0874
13.0 380.0 0.0043 10787.1725
96.0 99.0 0.0114 10765.9211
158.0 426.0 0.0047 10785.9067
102.0 222.0 0.0143 10757.1174
159.0 170.0 0.0052 10784.4674
74.0 434.0 0.0047 10785.8249
