20.0 19.0 0.0038 10788.5869
53.0 17.0 0.0044 10786.9111
89.0 18.0 0.0044 10786.7184
126.0 14.0 0.0048 10785.5508
158.0 14.0 0.0049 10785.1524
195.0 20.0 0.0044 10786.6992
229.0 20.0 0.0043 10787.1644
270.0 20.0 0.0046 10786.3405
305.0 15.0 0.0046 10786.1394
341.0 14.0 0.0048 10785.7189
374.0 17.0 0.0045 10786.5225
411.0 18.0 0.0047 10785.9885
447.0 15.0 0.0052 10784.3638
481.0 16.0 0.0051 10784.7906
15.0 54.0 0.0050 10784.9961
52.0 53.0 0.0046 10786.1775
88.0 54.0 0.0047 10786.0373
124.0 52.0 0.0043 10787.0309
162.0 55.0 0.0038 10788.5886
195.0 55.0 0.0043 10786.9667
233.0 55.0 0.0040 10788.0925
265.0 57.0 0.0045 10786.5989
300.0 55.0 0.0043 10787.0365
337.0 52.0 0.0045 10786.5007
372.0 56.0 0.0043 10787.1536
413.0 56.0 0.0043 10787.0232
446.0 54.0 0.0050 10784.9401
480.0 52.0 0.0047 10785.9238
19.0 87.0 0.0046 10786.0763
55.0 87.0 0.0119 10764.3847
90.0 86.0 0.0225 10732.4592
127.0 86.0 0.0221 10733.7091
161.0 90.0 0.0132 10760.4590
196.0 91.0 0.0127 10761.8559
231.0 90.0 0.0312 10706.3893
267.0 87.0 0.0132 10760.3102
305.0 86.0 0.0144 10756.8647
340.0 92.0 0.0125 10762.4902
374.0 89.0 0.0220 10734.0286
407.0 92.0 0.0209 10737.4103
443.0 88.0 0.0139 10758.3212
481.0 88.0 0.0039 10788.1863
18.0 122.0 0.0043 10787.2455
50.0 126.0 0.0047 10785.9485
86.0 121.0 0.0146 10756.0962
128.0 122.0 0.0284 10714.8387
163.0 124.0 0.0393 10682.0834
193.0 122.0 0.0124 10762.8297
229.0 126.0 0.0301 10709.7500
265.0 124.0 0.0119 10764.1604
305.0 123.0 0.0134 10759.6569
339.0 125.0 0.0385 10684.5136
375.0 128.0 0.0299 10710.4120
413.0 127.0 0.0125 10762.4315
447.0 125.0 0.0044 10786.6777
484.0 126.0 0.0044 10786.7940
15.0 163.0 0.0047 10785.9330
50.0 160.0 0.0042 10787.3032
90.0 159.0 0.0124 10762.9442
122.0 162.0 0.0136 10759.1535
161.0 163.0 0.0453 10663.9967
196.0 160.0 0.0542 10637.3107
230.0 158.0 0.0226 10732.0873
265.0 164.0 0.0881 10535.6467
306.0 161.0 0.0570 10629.0430
338.0 157.0 0.0482 10655.2868
376.0 157.0 0.0137 10759.0230
411.0 162.0 0.0127 10761.9512
449.0 161.0 0.0043 10786.9671
483.0 160.0 0.0044 10786.7095
20.0 198.0 0.0045 10786.5879
52.0 197.0 0.0049 10785.3823
88.0 196.0 0.0128 10761.4509
123.0 193.0 0.0137 10759.0215
157.0 196.0 0.0225 10732.5666
199.0 198.0 0.0608 10617.6659
230.0 195.0 0.0174 10747.9040
268.0 195.0 0.0626 10612.2759
300.0 195.0 0.0612 10616.4715
340.0 194.0 0.0219 10734.2507
376.0 196.0 0.0130 10761.0508
411.0 194.0 0.0127 10761.8725
445.0 197.0 0.0045 10786.4018
479.0 198.0 0.0043 10786.9620
20.0 231.0 0.0046 10786.2288
53.0 231.0 0.0044 10786.9088
86.0 229.0 0.0143 10757.1854
128.0 230.0 0.0286 10714.3009
157.0 228.0 0.0212 10736.5379
199.0 228.0 0.1049 10485.2300
233.0 229.0 0.1418 10374.5748
267.0 232.0 0.1642 10307.3695
300.0 229.0 0.1045 10486.4785
340.0 229.0 0.0776 10567.1386
372.0 231.0 0.0286 10714.0931
410.0 229.0 0.0118 10764.5552
448.0 232.0 0.0044 10786.7227
479.0 229.0 0.0046 10786.1969
21.0 268.0 0.0044 10786.9467
51.0 270.0 0.0051 10784.7647
92.0 268.0 0.0279 10716.2598
125.0 271.0 0.0142 10757.3484
159.0 268.0 0.0768 10569.4572
194.0 270.0 0.0180 10745.8508
230.0 271.0 0.0665 10600.5250
267.0 268.0 0.0896 10531.3232
302.0 271.0 0.0620 10613.9276
342.0 268.0 0.0215 10735.4164
377.0 264.0 0.0145 10756.4802
410.0 268.0 0.0140 10757.8595
443.0 265.0 0.0047 10785.8918
480.0 269.0 0.0043 10786.9915
20.0 305.0 0.0048 10785.6743
52.0 306.0 0.0048 10785.5806
87.0 300.0 0.0129 10761.2195
122.0 302.0 0.0131 10760.7808
163.0 301.0 0.0538 10638.6566
193.0 302.0 0.0621 10613.7313
235.0 304.0 0.1101 10469.6310
269.0 305.0 0.0178 10746.6452
306.0 301.0 0.0615 10615.6175
336.0 305.0 0.0309 10707.3236
376.0 303.0 0.0143 10757.1120
408.0 303.0 0.0122 10763.3558
443.0 301.0 0.0045 10786.4865
483.0 300.0 0.0048 10785.5590
16.0 338.0 0.0047 10785.9424
53.0 342.0 0.0047 10786.0032
91.0 337.0 0.0138 10758.5904
126.0 342.0 0.0365 10690.4909
160.0 339.0 0.0573 10627.9622
198.0 337.0 0.0213 10735.9510
232.0 342.0 0.0213 10736.1069
265.0 336.0 0.0778 10566.5247
303.0 336.0 0.0540 10638.0803
336.0 337.0 0.0450 10665.0941
377.0 336.0 0.0126 10762.0674
409.0 337.0 0.0132 10760.4370
447.0 338.0 0.0049 10785.2641
485.0 340.0 0.0048 10785.4884
18.0 374.0 0.0049 10785.4009
56.0 372.0 0.0042 10787.5152
90.0 372.0 0.0209 10737.2194
127.0 376.0 0.0310 10706.9146
162.0 378.0 0.0138 10758.5653
199.0 378.0 0.0133 10760.2156
229.0 372.0 0.0261 10721.7145
269.0 373.0 0.0124 10762.8432
306.0 376.0 0.0129 10761.3406
336.0 372.0 0.0376 10687.2166
374.0 375.0 0.0303 10709.1649
412.0 372.0 0.0221 10733.5724
449.0 377.0 0.0045 10786.3790
482.0 376.0 0.0046 10786.1592
18.0 407.0 0.0046 10786.2636
53.0 408.0 0.0135 10759.5180
92.0 407.0 0.0197 10740.9648
127.0 409.0 0.0219 10734.2365
159.0 410.0 0.0145 10756.4314
194.0 411.0 0.0121 10763.5789
230.0 412.0 0.0139 10758.4295
266.0 408.0 0.0281 10715.6357
302.0 411.0 0.0139 10758.2387
342.0 414.0 0.0139 10758.3218
375.0 410.0 0.0136 10759.2178
409.0 412.0 0.0219 10734.3959
447.0 410.0 0.0048 10785.6730
485.0 409.0 0.0045 10786.6175
17.0 446.0 0.0047 10786.0078
51.0 449.0 0.0051 10784.5548
86.0 449.0 0.0047 10785.9723
124.0 448.0 0.0046 10786.0696
159.0 447.0 0.0044 10786.6849
194.0 448.0 0.0047 10785.9828
232.0 448.0 0.0039 10788.3091
266.0 445.0 0.0045 10786.4303
306.0 444.0 0.0044 10786.9013
337.0 444.0 0.0042 10787.3403
377.0 445.0 0.0048 10785.6841
410.0 444.0 0.0125 10762.6466
447.0 449.0 0.0050 10784.9777
482.0 443.0 0.0045 10786.5875
19.0 484.0 0.0050 10785.0134
53.0 478.0 0.0045 10786.4956
88.0 482.0 0.0051 10784.8320
121.0 480.0 0.0050 10784.9352
160.0 480.0 0.0038 10788.4716
197.0 480.0 0.0041 10787.6586
233.0 481.0 0.0041 10787.6229
265.0 483.0 0.0046 10786.2287
305.0 482.0 0.0048 10785.7476
342.0 479.0 0.0046 10786.0822
373.0 479.0 0.0040 10787.8990
411.0 479.0 0.0045 10786.5105
443.0 480.0 0.0041 10787.7108
483.0 483.0 0.0045 10786.3962
402.0 256.0 0.0193 10742.2138
396.0 369.0 0.0053 10783.9984
7.0 374.0 0.0045 10786.4420
246.0 77.0 0.0054 10783.8738
