34.0 7.0 0.0039 10788.2092
89.0 34.0 0.0048 10785.4999
110.0 22.0 0.0050 10784.9508
158.0 15.0 0.0044 10786.6500
192.0 21.0 0.0051 10784.6520
226.0 30.0 0.0045 10786.3618
248.0 26.0 0.0047 10785.7803
293.0 9.0 0.0032 10790.2765
333.0 17.0 0.0052 10784.4544
376.0 35.0 0.0054 10783.9005
410.0 12.0 0.0048 10785.6256
430.0 28.0 0.0052 10784.5149
465.0 31.0 0.0044 10786.8012
29.0 67.0 0.0041 10787.5675
37.0 66.0 0.0037 10788.8588
99.0 46.0 0.0043 10787.1026
108.0 59.0 0.0056 10783.3444
177.0 41.0 0.0043 10786.9854
196.0 46.0 0.0045 10786.3587
221.0 43.0 0.0039 10788.1714
266.0 58.0 0.0133 10759.9893
309.0 57.0 0.0054 10783.8032
346.0 50.0 0.0034 10789.8508
374.0 43.0 0.0047 10785.9114
395.0 57.0 0.0244 10726.9210
446.0 70.0 0.0035 10789.4270
484.0 55.0 0.0058 10782.6226
27.0 103.0 0.0036 10789.3411
66.0 79.0 0.0189 10743.2430
90.0 95.0 0.0325 10702.4990
129.0 80.0 0.0043 10787.0672
160.0 93.0 0.0326 10702.0614
178.0 72.0 0.0047 10785.8935
238.0 96.0 0.0204 10738.7246
262.0 102.0 0.0341 10697.7428
322.0 105.0 0.0691 10592.8213
348.0 73.0 0.0137 10758.9385
389.0 105.0 0.0290 10713.0749
395.0 105.0 0.0043 10787.1971
433.0 95.0 0.0042 10787.4638
477.0 102.0 0.0053 10784.1104
26.0 113.0 0.0042 10787.3553
66.0 111.0 0.0046 10786.0984
73.0 113.0 0.0052 10784.2858
122.0 113.0 0.0404 10678.9416
160.0 132.0 0.0147 10755.8654
204.0 139.0 0.0052 10784.5211
213.0 142.0 0.0133 10760.0393
251.0 139.0 0.0219 10734.2399
298.0 128.0 0.0054 10783.8309
343.0 144.0 0.0052 10784.3295
365.0 131.0 0.0184 10744.7934
428.0 112.0 0.0038 10788.6547
459.0 121.0 0.0045 10786.4525
501.0 130.0 0.0039 10788.3453
3.0 174.0 0.0042 10787.4290
52.0 147.0 0.0053 10783.9856
104.0 168.0 0.0039 10788.2606
140.0 157.0 0.0206 10738.0925
151.0 154.0 0.0527 10641.7880
199.0 173.0 0.0359 10692.3099
228.0 158.0 0.0049 10785.2800
264.0 167.0 0.1480 10356.0289
299.0 146.0 0.0276 10717.1432
354.0 171.0 0.0704 10588.8168
387.0 141.0 0.0126 10762.3286
402.0 161.0 0.0042 10787.4637
435.0 148.0 0.0140 10757.9768
500.0 169.0 0.0038 10788.5610
6.0 198.0 0.0047 10785.9337
49.0 193.0 0.0123 10763.1568
78.0 195.0 0.0126 10762.3078
127.0 199.0 0.0328 10701.7408
156.0 189.0 0.0226 10732.3430
178.0 177.0 0.0543 10637.1204
251.0 200.0 0.0033 10790.2487
261.0 205.0 0.0239 10728.3331
299.0 198.0 0.0041 10787.5911
329.0 182.0 0.0486 10654.1181
385.0 199.0 0.0206 10738.2714
391.0 209.0 0.0046 10786.2648
456.0 178.0 0.0041 10787.7151
464.0 215.0 0.0045 10786.3876
32.0 237.0 0.0046 10786.1558
52.0 224.0 0.0045 10786.5900
87.0 219.0 0.0132 10760.2758
111.0 225.0 0.0126 10762.2067
158.0 245.0 0.0046 10786.0850
185.0 217.0 0.1586 10324.2202
217.0 244.0 0.1049 10485.2285
277.0 215.0 0.1782 10265.4899
313.0 227.0 0.0418 10674.5900
320.0 224.0 0.0042 10787.3088
362.0 215.0 0.0215 10735.5994
421.0 241.0 0.0141 10757.6158
445.0 215.0 0.0127 10761.8033
492.0 227.0 0.0042 10787.3880
13.0 263.0 0.0043 10787.0174
62.0 261.0 0.0040 10788.1323
90.0 257.0 0.0199 10740.2577
122.0 284.0 0.0114 10765.8342
162.0 251.0 0.0599 10620.3140
182.0 282.0 0.1119 10464.2992
235.0 273.0 0.1166 10450.1753
252.0 267.0 0.0504 10648.8401
320.0 259.0 0.1190 10442.9109
337.0 265.0 0.0321 10703.6755
358.0 275.0 0.0044 10786.7065
403.0 273.0 0.0333 10700.0298
464.0 265.0 0.0038 10788.5444
480.0 286.0 0.0047 10786.0165
18.0 290.0 0.0043 10786.9684
61.0 299.0 0.0055 10783.4290
92.0 287.0 0.0047 10786.0274
122.0 314.0 0.0117 10764.9704
156.0 288.0 0.0565 10630.5070
188.0 323.0 0.0666 10600.2403
237.0 291.0 0.0425 10672.4562
281.0 309.0 0.1552 10334.2956
290.0 318.0 0.0046 10786.1720
338.0 299.0 0.0472 10658.2963
379.0 310.0 0.0378 10686.7340
396.0 303.0 0.0054 10783.6524
463.0 285.0 0.0049 10785.1886
474.0 286.0 0.0043 10787.1354
0.0 349.0 0.0055 10783.5589
44.0 330.0 0.0046 10786.1198
88.0 341.0 0.0503 10649.1872
128.0 331.0 0.0044 10786.8768
147.0 324.0 0.0460 10661.8833
179.0 321.0 0.0039 10788.2654
214.0 352.0 0.0759 10572.1507
282.0 319.0 0.0631 10610.6843
289.0 356.0 0.0127 10761.7899
321.0 330.0 0.0433 10670.1552
386.0 336.0 0.0050 10785.1194
402.0 336.0 0.0209 10737.3437
446.0 341.0 0.0050 10785.0772
483.0 350.0 0.0051 10784.6218
8.0 356.0 0.0046 10786.2825
40.0 381.0 0.0037 10788.8878
88.0 374.0 0.0129 10761.2895
108.0 382.0 0.0194 10741.8080
169.0 360.0 0.0045 10786.5414
205.0 384.0 0.0112 10766.4798
215.0 368.0 0.0303 10709.0806
276.0 383.0 0.0266 10720.1655
296.0 359.0 0.0031 10790.6991
344.0 380.0 0.0320 10703.8501
379.0 379.0 0.0239 10728.3621
426.0 363.0 0.0127 10761.7984
427.0 381.0 0.0048 10785.5317
36.0 414.0 0.0144 10756.7503
35.0 419.0 0.0046 10786.3367
99.0 418.0 0.0214 10735.8774
139.0 412.0 0.0145 10756.5273
176.0 410.0 0.0410 10676.9181
190.0 413.0 0.0274 10717.9310
249.0 405.0 0.0121 10763.6291
256.0 420.0 0.0048 10785.7422
305.0 405.0 0.0243 10727.1619
333.0 418.0 0.0236 10729.1855
383.0 394.0 0.0233 10729.9673
400.0 397.0 0.0145 10756.5823
433.0 424.0 0.0039 10788.1503
478.0 427.0 0.0048 10785.6040
28.0 428.0 0.0048 10785.7202
52.0 446.0 0.0047 10786.0066
98.0 450.0 0.0049 10785.3880
111.0 445.0 0.0051 10784.6933
169.0 465.0 0.0051 10784.7865
200.0 428.0 0.0045 10786.5264
245.0 447.0 0.0047 10785.7707
256.0 435.0 0.0048 10785.5986
295.0 456.0 0.0039 10788.4120
346.0 437.0 0.0050 10784.9876
394.0 461.0 0.0046 10786.2825
395.0 447.0 0.0227 10731.9058
447.0 439.0 0.0044 10786.7438
17.0 494.0 0.0047 10785.9809
54.0 469.0 0.0040 10788.1023
75.0 495.0 0.0046 10786.3321
133.0 494.0 0.0049 10785.2294
144.0 478.0 0.0044 10786.7537
200.0 492.0 0.0048 10785.4835
235.0 480.0 0.0048 10785.6297
274.0 471.0 0.0045 10786.4789
288.0 482.0 0.0043 10787.0769
328.0 495.0 0.0040 10788.1259
392.0 481.0 0.0054 10783.8648
413.0 481.0 0.0048 10785.4767
436.0 497.0 0.0038 10788.6156
464.0 483.0 0.0044 10786.8643
371.0 310.0 0.0290 10713.0486
422.0 464.0 0.0043 10786.9801
59.0 203.0 0.0037 10788.9333
329.0 243.0 0.0047 10785.8649
15.0 28.0 0.0043 10787.1455
461.0 393.0 0.0045 10786.6278
345.0 473.0 0.0046 10786.2618
