22.0 14.0 0.0039 10788.2092
52.0 19.0 0.0046 10786.1561
85.0 15.0 0.0044 10786.8168
125.0 16.0 0.0045 10786.5188
158.0 21.0 0.0046 10786.2180
201.0 13.0 0.0048 10785.7143
229.0 15.0 0.0048 10785.6235
264.0 13.0 0.0052 10784.4536
299.0 13.0 0.0045 10786.4672
342.0 16.0 0.0048 10785.5385
375.0 23.0 0.0044 10786.7513
407.0 14.0 0.0048 10785.5440
448.0 14.0 0.0049 10785.3709
487.0 14.0 0.0054 10783.7651
21.0 53.0 0.0048 10785.7174
55.0 58.0 0.0041 10787.6690
86.0 48.0 0.0050 10784.9862
120.0 51.0 0.0042 10787.2802
161.0 57.0 0.0040 10787.8515
197.0 55.0 0.0044 10786.7583
236.0 58.0 0.0040 10788.0156
263.0 49.0 0.0051 10784.6080
298.0 48.0 0.0048 10785.5556
339.0 50.0 0.0047 10785.9700
379.0 54.0 0.0047 10786.0477
413.0 58.0 0.0135 10759.5724
444.0 50.0 0.0052 10784.4596
484.0 56.0 0.0046 10786.1114
17.0 92.0 0.0049 10785.2327
54.0 86.0 0.0117 10765.0037
88.0 93.0 0.0210 10737.0105
120.0 84.0 0.0141 10757.6351
159.0 87.0 0.0137 10758.8374
192.0 94.0 0.0134 10759.8223
226.0 93.0 0.0364 10690.8451
267.0 86.0 0.0140 10758.1080
306.0 89.0 0.0130 10760.9158
334.0 93.0 0.0118 10764.6967
371.0 88.0 0.0220 10734.0398
407.0 85.0 0.0216 10735.2933
449.0 89.0 0.0050 10785.0344
482.0 88.0 0.0040 10787.9796
14.0 128.0 0.0041 10787.6297
55.0 124.0 0.0042 10787.3757
90.0 123.0 0.0221 10733.6533
124.0 123.0 0.0305 10708.4566
156.0 123.0 0.0395 10681.6170
196.0 127.0 0.0124 10762.8297
227.0 129.0 0.0281 10715.5870
269.0 128.0 0.0131 10760.7398
299.0 120.0 0.0137 10758.7507
339.0 126.0 0.0379 10686.2433
374.0 127.0 0.0306 10708.2648
410.0 122.0 0.0125 10762.3636
448.0 124.0 0.0046 10786.0890
483.0 122.0 0.0045 10786.6168
13.0 158.0 0.0051 10784.7478
49.0 156.0 0.0043 10787.0730
88.0 155.0 0.0136 10759.1418
120.0 157.0 0.0136 10759.3384
158.0 164.0 0.0484 10654.8902
193.0 162.0 0.0227 10731.9053
235.0 162.0 0.0914 10525.8095
267.0 156.0 0.0220 10733.8521
302.0 156.0 0.0222 10733.4728
337.0 157.0 0.0471 10658.6045
375.0 159.0 0.0132 10760.4320
408.0 156.0 0.0128 10761.7197
450.0 156.0 0.0044 10786.8836
481.0 164.0 0.0046 10786.2442
12.0 200.0 0.0054 10783.7643
55.0 193.0 0.0048 10785.4969
91.0 194.0 0.0124 10762.9101
122.0 192.0 0.0148 10755.6362
161.0 201.0 0.0555 10633.5995
195.0 196.0 0.0628 10611.5476
233.0 200.0 0.0595 10621.4215
270.0 198.0 0.0617 10614.8016
302.0 195.0 0.0618 10614.5253
343.0 200.0 0.0568 10629.5722
378.0 194.0 0.0130 10760.8573
405.0 195.0 0.0120 10763.9212
451.0 196.0 0.0051 10784.8065
484.0 194.0 0.0048 10785.6451
20.0 237.0 0.0041 10787.8416
49.0 237.0 0.0047 10785.8764
92.0 233.0 0.0305 10708.4243
129.0 229.0 0.0286 10714.0819
155.0 227.0 0.0240 10727.8956
200.0 236.0 0.1026 10492.2320
236.0 233.0 0.0819 10554.3812
268.0 231.0 0.0833 10550.1726
306.0 236.0 0.0626 10612.1812
341.0 231.0 0.0199 10740.4498
372.0 235.0 0.0273 10718.1018
413.0 236.0 0.0297 10710.9090
451.0 236.0 0.0046 10786.1499
476.0 227.0 0.0036 10789.2848
14.0 269.0 0.0054 10783.9060
52.0 264.0 0.0049 10785.2207
88.0 267.0 0.0122 10763.4992
121.0 265.0 0.0140 10757.9433
159.0 268.0 0.0724 10582.9270
192.0 271.0 0.0184 10744.9007
235.0 266.0 0.2144 10156.7226
267.0 270.0 0.0652 10604.4487
308.0 267.0 0.0639 10608.4046
338.0 264.0 0.0792 10562.4352
379.0 266.0 0.0137 10758.8334
413.0 264.0 0.0134 10759.9100
447.0 267.0 0.0049 10785.3223
484.0 272.0 0.0044 10786.8944
14.0 308.0 0.0050 10784.9253
54.0 300.0 0.0045 10786.6289
86.0 305.0 0.0133 10760.0591
128.0 301.0 0.0121 10763.6896
160.0 307.0 0.0236 10729.2678
193.0 303.0 0.0712 10586.3675
230.0 304.0 0.1120 10464.1354
268.0 308.0 0.0181 10745.5665
301.0 308.0 0.0701 10589.5696
344.0 301.0 0.0230 10731.1141
374.0 304.0 0.0136 10759.1208
415.0 301.0 0.0136 10759.3243
448.0 306.0 0.0048 10785.6851
484.0 304.0 0.0049 10785.1926
17.0 334.0 0.0043 10787.0232
57.0 343.0 0.0048 10785.4562
90.0 339.0 0.0133 10759.9915
123.0 336.0 0.0122 10763.5169
157.0 335.0 0.0477 10656.9301
193.0 338.0 0.0583 10624.9620
236.0 340.0 0.0199 10740.3762
262.0 340.0 0.0727 10581.8005
298.0 339.0 0.0534 10639.7245
334.0 343.0 0.0472 10658.3637
376.0 343.0 0.0131 10760.6962
407.0 342.0 0.0126 10762.1636
451.0 337.0 0.0052 10784.2805
482.0 335.0 0.0042 10787.4389
14.0 379.0 0.0051 10784.5548
48.0 378.0 0.0048 10785.6783
89.0 375.0 0.0131 10760.5734
124.0 378.0 0.0301 10709.5981
162.0 375.0 0.0133 10760.0358
201.0 376.0 0.0127 10761.9964
233.0 370.0 0.0338 10698.6633
270.0 373.0 0.0127 10761.7989
298.0 378.0 0.0124 10762.7680
341.0 373.0 0.0453 10664.1693
372.0 378.0 0.0310 10707.0943
413.0 374.0 0.0132 10760.3002
447.0 378.0 0.0043 10787.0666
481.0 378.0 0.0046 10786.2503
20.0 412.0 0.0045 10786.5995
54.0 410.0 0.0130 10760.9165
91.0 410.0 0.0215 10735.4796
129.0 410.0 0.0224 10732.6892
159.0 409.0 0.0140 10758.1005
191.0 411.0 0.0128 10761.5917
228.0 405.0 0.0287 10713.9792
271.0 410.0 0.0119 10764.1656
307.0 408.0 0.0136 10759.0832
336.0 415.0 0.0136 10759.2319
369.0 407.0 0.0207 10737.7890
408.0 408.0 0.0204 10738.7067
445.0 411.0 0.0129 10761.2538
483.0 412.0 0.0043 10787.0225
13.0 448.0 0.0048 10785.5677
48.0 443.0 0.0053 10784.2128
88.0 448.0 0.0044 10786.9231
128.0 449.0 0.0048 10785.7159
156.0 442.0 0.0044 10786.6615
194.0 446.0 0.0048 10785.6371
231.0 443.0 0.0037 10788.7990
267.0 444.0 0.0045 10786.5069
301.0 445.0 0.0043 10787.2055
341.0 448.0 0.0047 10785.9482
376.0 450.0 0.0048 10785.5124
415.0 445.0 0.0045 10786.4851
447.0 447.0 0.0052 10784.3226
483.0 443.0 0.0047 10785.9222
14.0 480.0 0.0048 10785.5560
48.0 487.0 0.0050 10784.9741
92.0 477.0 0.0046 10786.1018
122.0 478.0 0.0049 10785.2194
161.0 479.0 0.0037 10788.8867
197.0 480.0 0.0044 10786.6529
233.0 481.0 0.0039 10788.2917
264.0 483.0 0.0053 10783.9555
305.0 480.0 0.0044 10786.8655
342.0 477.0 0.0045 10786.3774
379.0 483.0 0.0045 10786.3701
408.0 485.0 0.0051 10784.6219
441.0 484.0 0.0045 10786.4739
477.0 485.0 0.0044 10786.7980
160.0 363.0 0.0267 10719.9029
283.0 429.0 0.0046 10786.1639
400.0 438.0 0.0048 10785.4995
263.0 29.0 0.0043 10787.1908
