23.0 22.0 0.0035 10789.4800
47.0 15.0 0.0048 10785.7034
84.0 14.0 0.0047 10785.9588
128.0 20.0 0.0044 10786.7729
161.0 22.0 0.0047 10785.7800
198.0 19.0 0.0043 10787.1934
227.0 10.0 0.0057 10782.8609
269.0 14.0 0.0040 10787.9718
309.0 24.0 0.0040 10788.0597
339.0 15.0 0.0049 10785.1603
374.0 23.0 0.0045 10786.5191
412.0 22.0 0.0047 10786.0487
440.0 24.0 0.0042 10787.3453
487.0 23.0 0.0057 10782.9015
21.0 51.0 0.0049 10785.3052
59.0 46.0 0.0050 10784.8912
85.0 56.0 0.0118 10764.5454
122.0 60.0 0.0042 10787.5139
153.0 51.0 0.0049 10785.3521
190.0 54.0 0.0045 10786.4406
235.0 54.0 0.0048 10785.6097
267.0 58.0 0.0042 10787.4703
309.0 51.0 0.0052 10784.4753
337.0 58.0 0.0049 10785.4466
376.0 46.0 0.0048 10785.4782
405.0 57.0 0.0136 10759.0804
446.0 49.0 0.0054 10783.8432
480.0 53.0 0.0047 10785.9993
20.0 83.0 0.0053 10784.2177
48.0 83.0 0.0047 10785.8768
93.0 86.0 0.0219 10734.2120
119.0 88.0 0.0144 10756.8845
163.0 89.0 0.0125 10762.6171
200.0 95.0 0.0301 10709.5610
225.0 85.0 0.0045 10786.3888
273.0 85.0 0.0241 10727.5798
299.0 88.0 0.0129 10761.4240
334.0 95.0 0.0287 10714.0346
372.0 91.0 0.0236 10729.1897
404.0 86.0 0.0215 10735.4078
446.0 86.0 0.0044 10786.7915
485.0 94.0 0.0038 10788.6442
23.0 130.0 0.0040 10787.9443
49.0 128.0 0.0048 10785.6633
91.0 128.0 0.0226 10732.1861
127.0 120.0 0.0303 10709.1754
159.0 130.0 0.0386 10684.1824
199.0 128.0 0.0277 10716.8926
235.0 122.0 0.0135 10759.5470
270.0 131.0 0.0273 10717.9879
297.0 131.0 0.0384 10684.8993
332.0 119.0 0.0373 10688.0562
380.0 122.0 0.0150 10754.8605
417.0 127.0 0.0125 10762.3660
444.0 126.0 0.0043 10787.1798
485.0 128.0 0.0045 10786.4021
11.0 159.0 0.0053 10784.1508
58.0 166.0 0.0049 10785.3264
91.0 166.0 0.0129 10761.3461
126.0 156.0 0.0135 10759.3992
163.0 167.0 0.0333 10700.1919
197.0 153.0 0.0224 10732.6860
233.0 164.0 0.0798 10560.5995
261.0 154.0 0.0212 10736.5228
299.0 160.0 0.0558 10632.5875
345.0 164.0 0.0214 10735.7062
376.0 158.0 0.0129 10761.4195
406.0 155.0 0.0121 10763.7047
451.0 158.0 0.0046 10786.0974
475.0 159.0 0.0042 10787.2744
21.0 192.0 0.0045 10786.5606
52.0 198.0 0.0044 10786.8817
88.0 202.0 0.0130 10760.9158
130.0 192.0 0.0050 10785.0566
166.0 196.0 0.0504 10648.8117
198.0 200.0 0.0605 10618.6375
229.0 197.0 0.0314 10705.8880
264.0 199.0 0.0826 10552.3014
304.0 190.0 0.0643 10607.0174
343.0 192.0 0.0224 10732.6524
377.0 201.0 0.0132 10760.5448
408.0 196.0 0.0132 10760.3114
450.0 197.0 0.0046 10786.2171
486.0 194.0 0.0045 10786.3711
20.0 238.0 0.0040 10787.8976
47.0 231.0 0.0042 10787.2734
84.0 229.0 0.0150 10755.0845
120.0 230.0 0.0309 10707.4484
162.0 225.0 0.0229 10731.3551
194.0 234.0 0.0114 10765.6628
227.0 229.0 0.0912 10526.2642
268.0 232.0 0.0832 10550.2869
298.0 230.0 0.0884 10534.7554
332.0 230.0 0.0755 10573.3773
379.0 237.0 0.0397 10680.7827
414.0 226.0 0.0133 10760.2275
448.0 233.0 0.0040 10787.9547
482.0 227.0 0.0049 10785.1550
14.0 264.0 0.0045 10786.3695
48.0 273.0 0.0047 10785.9406
88.0 261.0 0.0298 10710.5264
129.0 274.0 0.0197 10740.8451
163.0 267.0 0.0806 10558.0543
195.0 266.0 0.0691 10592.6792
232.0 273.0 0.0992 10502.5211
267.0 263.0 0.1555 10333.5258
309.0 273.0 0.0034 10789.9088
341.0 267.0 0.0199 10740.3436
381.0 262.0 0.0153 10753.9718
409.0 274.0 0.0334 10699.7676
444.0 266.0 0.0042 10787.3168
476.0 274.0 0.0037 10789.0307
20.0 304.0 0.0047 10785.7735
55.0 302.0 0.0047 10785.9475
94.0 309.0 0.0132 10760.4688
129.0 310.0 0.0131 10760.5792
161.0 306.0 0.0559 10632.3640
201.0 300.0 0.0588 10623.7421
234.0 299.0 0.0521 10643.7385
270.0 297.0 0.1062 10481.3412
310.0 307.0 0.0650 10605.1424
337.0 298.0 0.0220 10733.9660
377.0 305.0 0.0143 10756.9720
413.0 309.0 0.0133 10760.1461
446.0 299.0 0.0044 10786.6516
479.0 302.0 0.0045 10786.4100
17.0 336.0 0.0048 10785.7306
57.0 342.0 0.0046 10786.1917
94.0 339.0 0.0297 10710.9001
129.0 336.0 0.0372 10688.2544
163.0 336.0 0.0388 10683.4651
190.0 338.0 0.0399 10680.3807
230.0 339.0 0.0756 10573.2541
265.0 342.0 0.0213 10736.1175
304.0 341.0 0.0582 10625.3503
338.0 338.0 0.0469 10659.4162
372.0 343.0 0.0356 10693.2546
409.0 341.0 0.0137 10758.7670
447.0 334.0 0.0047 10785.9508
487.0 338.0 0.0045 10786.6459
21.0 378.0 0.0049 10785.2112
52.0 374.0 0.0048 10785.6968
91.0 374.0 0.0135 10759.5877
121.0 375.0 0.0128 10761.4626
160.0 379.0 0.0150 10755.0342
194.0 373.0 0.0135 10759.4908
229.0 373.0 0.0136 10759.3201
261.0 373.0 0.0279 10716.1812
297.0 375.0 0.0132 10760.3976
335.0 379.0 0.0127 10761.8357
375.0 381.0 0.0218 10734.5849
412.0 368.0 0.0126 10762.2132
452.0 368.0 0.0046 10786.1953
489.0 374.0 0.0049 10785.4128
15.0 415.0 0.0050 10785.0018
59.0 411.0 0.0134 10759.7389
88.0 409.0 0.0216 10735.3415
125.0 403.0 0.0129 10761.2371
154.0 407.0 0.0138 10758.4583
202.0 412.0 0.0121 10763.7912
231.0 416.0 0.0130 10761.1113
262.0 411.0 0.0298 10710.7458
298.0 406.0 0.0124 10762.6671
339.0 405.0 0.0202 10739.4985
376.0 416.0 0.0234 10729.7379
404.0 416.0 0.0212 10736.4396
442.0 414.0 0.0122 10763.2597
478.0 416.0 0.0044 10786.6610
22.0 448.0 0.0042 10787.4697
54.0 444.0 0.0049 10785.3709
89.0 441.0 0.0040 10787.8762
124.0 445.0 0.0044 10786.9193
159.0 452.0 0.0049 10785.3898
202.0 452.0 0.0047 10786.0190
236.0 443.0 0.0038 10788.5909
267.0 450.0 0.0042 10787.2806
309.0 446.0 0.0048 10785.4973
338.0 443.0 0.0045 10786.4792
381.0 439.0 0.0043 10787.2265
416.0 445.0 0.0050 10785.0654
453.0 450.0 0.0050 10785.0629
478.0 440.0 0.0044 10786.8702
17.0 481.0 0.0049 10785.3500
49.0 477.0 0.0043 10786.9826
93.0 482.0 0.0051 10784.6080
123.0 488.0 0.0055 10783.3708
154.0 484.0 0.0044 10786.8127
194.0 485.0 0.0043 10787.1782
225.0 489.0 0.0045 10786.5009
271.0 477.0 0.0041 10787.7696
298.0 478.0 0.0043 10787.1874
333.0 477.0 0.0047 10786.0302
373.0 486.0 0.0050 10784.8628
415.0 483.0 0.0045 10786.5678
445.0 487.0 0.0045 10786.6369
484.0 478.0 0.0042 10787.5327
300.0 280.0 0.0194 10741.7904
142.0 414.0 0.0157 10752.9424
275.0 373.0 0.0041 10787.6869
464.0 255.0 0.0051 10784.6400
