21.0 25.0 0.0037 10788.7941
57.0 10.0 0.0045 10786.3996
94.0 15.0 0.0046 10786.3044
132.0 22.0 0.0054 10783.7386
155.0 26.0 0.0041 10787.5944
200.0 25.0 0.0038 10788.6902
239.0 20.0 0.0039 10788.3438
259.0 9.0 0.0044 10786.7232
301.0 20.0 0.0041 10787.6974
332.0 13.0 0.0047 10785.9416
376.0 22.0 0.0044 10786.8612
403.0 21.0 0.0045 10786.4232
449.0 10.0 0.0050 10784.9928
474.0 26.0 0.0040 10787.8670
25.0 49.0 0.0049 10785.1700
53.0 55.0 0.0041 10787.8012
86.0 48.0 0.0053 10784.2199
123.0 57.0 0.0127 10761.9740
160.0 62.0 0.0040 10788.0612
197.0 61.0 0.0041 10787.5533
224.0 49.0 0.0042 10787.2933
268.0 61.0 0.0041 10787.7527
310.0 54.0 0.0039 10788.2826
333.0 52.0 0.0046 10786.1689
381.0 59.0 0.0146 10756.2233
414.0 52.0 0.0150 10754.9687
447.0 55.0 0.0054 10783.6584
479.0 45.0 0.0050 10785.0730
9.0 80.0 0.0056 10783.2074
57.0 91.0 0.0120 10763.9872
92.0 94.0 0.0217 10734.8093
116.0 92.0 0.0223 10733.0903
159.0 90.0 0.0056 10783.0970
192.0 89.0 0.0220 10733.9395
234.0 83.0 0.0305 10708.6457
261.0 81.0 0.0130 10761.0823
306.0 88.0 0.0134 10759.7953
342.0 95.0 0.0135 10759.6174
369.0 91.0 0.0290 10712.8676
404.0 90.0 0.0132 10760.5201
451.0 83.0 0.0049 10785.3829
480.0 84.0 0.0036 10789.2516
25.0 125.0 0.0036 10789.2846
57.0 131.0 0.0044 10786.6804
87.0 121.0 0.0151 10754.5945
133.0 122.0 0.0310 10706.9315
155.0 131.0 0.0188 10743.4834
198.0 129.0 0.0114 10765.8995
240.0 123.0 0.0213 10735.9506
260.0 132.0 0.0193 10742.1623
297.0 123.0 0.0214 10735.8154
333.0 133.0 0.0425 10672.4190
371.0 130.0 0.0223 10733.1793
418.0 120.0 0.0129 10761.1515
443.0 128.0 0.0042 10787.3038
487.0 128.0 0.0034 10789.9248
17.0 159.0 0.0049 10785.2037
45.0 160.0 0.0046 10786.2334
84.0 160.0 0.0143 10757.0453
128.0 160.0 0.0361 10691.7114
166.0 161.0 0.0439 10668.3470
201.0 169.0 0.0420 10673.9988
224.0 156.0 0.0049 10785.3774
263.0 156.0 0.0722 10583.4974
298.0 167.0 0.0457 10662.8076
342.0 156.0 0.0579 10626.3555
374.0 156.0 0.0134 10759.7050
402.0 165.0 0.0043 10787.2374
437.0 165.0 0.0120 10764.0032
477.0 162.0 0.0040 10788.0866
25.0 199.0 0.0055 10783.4904
61.0 204.0 0.0040 10788.0287
90.0 200.0 0.0124 10762.6596
123.0 196.0 0.0133 10760.1187
164.0 200.0 0.0219 10734.4426
190.0 189.0 0.1109 10467.2924
227.0 196.0 0.0174 10747.8336
269.0 196.0 0.1060 10482.0512
298.0 190.0 0.0210 10737.1092
343.0 204.0 0.0143 10757.2208
366.0 188.0 0.0045 10786.4321
410.0 188.0 0.0139 10758.2010
455.0 189.0 0.0052 10784.3617
491.0 196.0 0.0054 10783.7902
17.0 235.0 0.0043 10787.1741
53.0 227.0 0.0043 10787.0739
84.0 234.0 0.0050 10785.0067
127.0 223.0 0.0288 10713.6194
152.0 238.0 0.0230 10731.1480
199.0 224.0 0.0988 10503.6333
237.0 232.0 0.0398 10680.5472
261.0 232.0 0.1457 10362.8297
296.0 225.0 0.0875 10537.4403
331.0 227.0 0.0565 10630.6471
369.0 239.0 0.0210 10736.9255
412.0 238.0 0.0301 10709.6281
452.0 224.0 0.0050 10785.0756
484.0 227.0 0.0041 10787.7989
17.0 274.0 0.0045 10786.4683
57.0 274.0 0.0051 10784.7988
89.0 259.0 0.0385 10684.4163
120.0 272.0 0.0125 10762.5284
163.0 267.0 0.0902 10529.3162
192.0 267.0 0.0481 10655.7540
239.0 262.0 0.0517 10645.0453
261.0 272.0 0.0825 10552.6273
298.0 260.0 0.0873 10538.2357
334.0 262.0 0.0235 10729.3928
382.0 267.0 0.0145 10756.6049
419.0 265.0 0.0147 10755.7652
446.0 272.0 0.0050 10784.8573
482.0 260.0 0.0040 10787.9961
20.0 305.0 0.0049 10785.2725
59.0 301.0 0.0040 10788.0666
86.0 312.0 0.0242 10727.4599
122.0 307.0 0.0302 10709.3400
158.0 297.0 0.0148 10755.6962
188.0 306.0 0.0654 10603.6946
227.0 295.0 0.0927 10521.8390
267.0 306.0 0.0178 10746.5059
311.0 305.0 0.0924 10522.7820
330.0 309.0 0.0548 10635.7351
379.0 302.0 0.0127 10761.9513
416.0 303.0 0.0137 10759.0097
437.0 306.0 0.0040 10787.9720
490.0 297.0 0.0047 10785.9253
24.0 332.0 0.0038 10788.6853
54.0 347.0 0.0131 10760.6183
84.0 338.0 0.0052 10784.5363
131.0 342.0 0.0260 10721.9166
164.0 334.0 0.0375 10687.3984
202.0 335.0 0.0492 10652.4303
230.0 333.0 0.0761 10571.7029
271.0 347.0 0.0207 10737.9396
297.0 340.0 0.0208 10737.6595
334.0 332.0 0.0560 10631.9576
381.0 335.0 0.0209 10737.3696
416.0 336.0 0.0135 10759.4866
438.0 341.0 0.0044 10786.9174
488.0 331.0 0.0043 10787.0578
18.0 368.0 0.0053 10783.9903
61.0 368.0 0.0048 10785.6170
94.0 369.0 0.0134 10759.8855
121.0 369.0 0.0235 10729.5438
153.0 374.0 0.0212 10736.4195
201.0 376.0 0.0136 10759.1070
236.0 376.0 0.0129 10761.2174
275.0 370.0 0.0315 10705.5370
294.0 377.0 0.0124 10762.8382
330.0 381.0 0.0380 10686.0453
379.0 379.0 0.0314 10705.7364
410.0 370.0 0.0132 10760.2585
454.0 381.0 0.0048 10785.7131
478.0 378.0 0.0041 10787.6099
10.0 411.0 0.0044 10786.7175
52.0 418.0 0.0140 10757.9107
94.0 405.0 0.0196 10741.1132
128.0 414.0 0.0146 10756.2635
157.0 411.0 0.0154 10753.7189
194.0 413.0 0.0133 10760.1291
235.0 405.0 0.0284 10714.8192
267.0 406.0 0.0133 10760.0448
300.0 412.0 0.0123 10762.9584
339.0 413.0 0.0135 10759.5321
373.0 412.0 0.0146 10756.0665
412.0 404.0 0.0223 10733.2464
438.0 404.0 0.0055 10783.4574
479.0 403.0 0.0041 10787.5876
20.0 442.0 0.0045 10786.3546
49.0 439.0 0.0050 10785.1176
96.0 438.0 0.0048 10785.5810
122.0 450.0 0.0048 10785.5870
154.0 440.0 0.0044 10786.7505
202.0 448.0 0.0044 10786.7549
232.0 438.0 0.0041 10787.5633
264.0 444.0 0.0041 10787.7075
303.0 444.0 0.0043 10787.0735
331.0 451.0 0.0047 10785.8334
380.0 446.0 0.0047 10786.0238
411.0 453.0 0.0128 10761.6100
441.0 442.0 0.0053 10784.0116
475.0 449.0 0.0044 10786.9391
14.0 489.0 0.0048 10785.5748
47.0 477.0 0.0048 10785.5250
86.0 485.0 0.0050 10784.8896
131.0 481.0 0.0047 10785.9551
158.0 477.0 0.0037 10789.0260
192.0 478.0 0.0047 10785.9709
239.0 490.0 0.0044 10786.7308
266.0 478.0 0.0049 10785.3682
309.0 485.0 0.0053 10784.1635
332.0 481.0 0.0045 10786.6266
381.0 473.0 0.0041 10787.6876
413.0 477.0 0.0044 10786.7935
438.0 477.0 0.0042 10787.4543
481.0 488.0 0.0043 10787.2285
117.0 231.0 0.0049 10785.2602
14.0 65.0 0.0050 10784.9745
366.0 194.0 0.0281 10715.6897
292.0 70.0 0.0040 10787.9216
