23.0 18.0 0.0035 10789.5368
56.0 17.0 0.0041 10787.7825
99.0 10.0 0.0050 10784.9220
114.0 8.0 0.0053 10783.9627
164.0 11.0 0.0046 10786.3344
197.0 15.0 0.0048 10785.5040
241.0 13.0 0.0051 10784.7979
275.0 7.0 0.0046 10786.1934
295.0 10.0 0.0047 10785.7520
345.0 17.0 0.0048 10785.6268
373.0 9.0 0.0043 10787.0534
419.0 27.0 0.0043 10787.0164
454.0 11.0 0.0053 10784.0381
486.0 21.0 0.0053 10784.1627
18.0 50.0 0.0050 10785.0270
46.0 47.0 0.0047 10785.8388
84.0 53.0 0.0120 10763.9370
129.0 47.0 0.0043 10787.1417
168.0 52.0 0.0038 10788.7076
200.0 55.0 0.0044 10786.7583
228.0 54.0 0.0042 10787.4153
269.0 44.0 0.0041 10787.5794
300.0 46.0 0.0041 10787.6938
349.0 49.0 0.0051 10784.6463
379.0 57.0 0.0129 10761.3030
408.0 53.0 0.0133 10760.0403
456.0 59.0 0.0056 10783.1411
473.0 61.0 0.0051 10784.6471
19.0 96.0 0.0042 10787.4785
49.0 87.0 0.0046 10786.1120
86.0 84.0 0.0128 10761.4735
128.0 92.0 0.0131 10760.7879
154.0 88.0 0.0312 10706.5205
206.0 79.0 0.0141 10757.8158
228.0 94.0 0.0226 10732.2612
263.0 87.0 0.0314 10705.9287
310.0 90.0 0.0123 10763.2390
344.0 83.0 0.0122 10763.2997
372.0 85.0 0.0227 10731.9522
418.0 94.0 0.0048 10785.6339
450.0 89.0 0.0052 10784.2706
485.0 79.0 0.0043 10787.2440
24.0 114.0 0.0046 10786.2287
54.0 123.0 0.0145 10756.5816
81.0 123.0 0.0224 10732.7619
132.0 132.0 0.0041 10787.7796
155.0 124.0 0.0309 10707.2730
189.0 122.0 0.0125 10762.4482
230.0 129.0 0.0203 10739.0014
277.0 116.0 0.0366 10690.2547
300.0 121.0 0.0375 10687.4368
335.0 119.0 0.0327 10701.7576
368.0 120.0 0.0320 10704.0875
420.0 132.0 0.0200 10740.0874
437.0 130.0 0.0051 10784.7212
481.0 130.0 0.0045 10786.3862
18.0 168.0 0.0042 10787.3732
55.0 166.0 0.0042 10787.2732
99.0 157.0 0.0203 10739.0488
128.0 164.0 0.0234 10729.7332
160.0 167.0 0.0208 10737.7498
198.0 161.0 0.0397 10680.7958
233.0 160.0 0.0528 10641.7177
262.0 168.0 0.0676 10597.1235
293.0 159.0 0.0577 10626.9623
348.0 151.0 0.0052 10784.3729
380.0 155.0 0.0050 10785.0208
403.0 160.0 0.0138 10758.5865
450.0 159.0 0.0044 10786.8791
488.0 157.0 0.0046 10786.1118
17.0 206.0 0.0053 10784.1608
50.0 202.0 0.0046 10786.2053
86.0 193.0 0.0134 10759.8944
133.0 185.0 0.0359 10692.4499
166.0 196.0 0.0396 10681.2439
201.0 204.0 0.0187 10743.8318
231.0 202.0 0.0450 10665.0806
274.0 189.0 0.0819 10554.3949
306.0 203.0 0.0444 10666.6912
343.0 203.0 0.0043 10787.1763
376.0 193.0 0.0476 10657.1396
415.0 196.0 0.0123 10763.2367
453.0 186.0 0.0052 10784.4032
473.0 190.0 0.0039 10788.2571
20.0 222.0 0.0050 10785.0666
56.0 224.0 0.0038 10788.4574
97.0 234.0 0.0112 10766.5072
121.0 236.0 0.0233 10730.0095
153.0 237.0 0.0607 10617.9596
188.0 226.0 0.0667 10599.8588
241.0 233.0 0.1495 10351.5022
271.0 238.0 0.0522 10643.4124
299.0 225.0 0.0818 10554.6608
345.0 224.0 0.0414 10675.6920
378.0 234.0 0.0305 10708.6227
417.0 229.0 0.0137 10758.9104
450.0 239.0 0.0042 10787.4225
479.0 230.0 0.0042 10787.5206
8.0 277.0 0.0050 10784.9798
54.0 263.0 0.0046 10786.3468
98.0 260.0 0.0107 10767.9610
132.0 275.0 0.0210 10737.1078
154.0 270.0 0.0510 10647.0544
204.0 259.0 0.0584 10624.7669
239.0 273.0 0.0851 10544.5900
270.0 259.0 0.1564 10330.8324
308.0 265.0 0.0350 10694.9072
337.0 259.0 0.0683 10595.0096
382.0 274.0 0.0132 10760.5430
415.0 268.0 0.0132 10760.3815
444.0 271.0 0.0045 10786.4865
479.0 267.0 0.0047 10786.0297
14.0 298.0 0.0042 10787.5293
63.0 309.0 0.0045 10786.3756
85.0 302.0 0.0389 10683.2381
128.0 300.0 0.0141 10757.7832
164.0 311.0 0.0233 10730.1447
200.0 313.0 0.1065 10480.3505
241.0 294.0 0.1243 10426.9639
277.0 294.0 0.0308 10707.4606
298.0 297.0 0.0347 10695.9894
345.0 293.0 0.0915 10525.3850
379.0 305.0 0.0144 10756.7465
402.0 301.0 0.0213 10736.2036
435.0 304.0 0.0037 10789.0267
474.0 305.0 0.0043 10787.0256
20.0 339.0 0.0043 10787.0329
59.0 347.0 0.0049 10785.2530
89.0 337.0 0.0137 10759.0415
119.0 341.0 0.0302 10709.4056
153.0 338.0 0.0249 10725.4228
195.0 338.0 0.0298 10710.4551
230.0 338.0 0.0503 10649.1046
272.0 345.0 0.0683 10595.1616
302.0 345.0 0.0469 10659.3051
347.0 336.0 0.0300 10710.0525
377.0 344.0 0.0326 10702.1870
409.0 339.0 0.0383 10685.0989
450.0 336.0 0.0048 10785.6094
483.0 345.0 0.0041 10787.5958
20.0 384.0 0.0050 10785.0614
52.0 372.0 0.0119 10764.3614
83.0 380.0 0.0225 10732.4632
119.0 368.0 0.0222 10733.4062
154.0 381.0 0.0308 10707.6862
197.0 369.0 0.0602 10619.4491
239.0 370.0 0.0197 10740.8649
258.0 375.0 0.0131 10760.6488
305.0 381.0 0.0224 10732.7462
331.0 371.0 0.0048 10785.7057
378.0 384.0 0.0229 10731.3524
402.0 371.0 0.0110 10767.1370
450.0 378.0 0.0044 10786.8152
490.0 372.0 0.0049 10785.2248
16.0 402.0 0.0040 10787.9925
58.0 408.0 0.0125 10762.3806
80.0 415.0 0.0045 10786.4194
131.0 406.0 0.0041 10787.6019
150.0 416.0 0.0283 10715.1123
190.0 414.0 0.0130 10760.8762
232.0 405.0 0.0188 10743.5791
269.0 420.0 0.0132 10760.3699
309.0 404.0 0.0279 10716.2442
348.0 412.0 0.0131 10760.6858
374.0 402.0 0.0040 10787.9787
416.0 413.0 0.0211 10736.6915
449.0 408.0 0.0129 10761.3899
477.0 412.0 0.0047 10785.9219
13.0 441.0 0.0043 10787.0031
44.0 452.0 0.0049 10785.3922
84.0 453.0 0.0042 10787.4732
121.0 438.0 0.0114 10765.9462
160.0 452.0 0.0039 10788.1898
190.0 454.0 0.0048 10785.6640
236.0 447.0 0.0040 10788.1432
273.0 441.0 0.0043 10787.0115
294.0 455.0 0.0049 10785.4208
337.0 455.0 0.0133 10760.0160
380.0 451.0 0.0049 10785.3980
418.0 454.0 0.0046 10786.2920
445.0 437.0 0.0051 10784.7997
485.0 452.0 0.0045 10786.5970
21.0 489.0 0.0055 10783.4522
44.0 479.0 0.0049 10785.2715
99.0 481.0 0.0050 10784.8627
124.0 482.0 0.0044 10786.6775
163.0 476.0 0.0034 10789.8909
206.0 480.0 0.0043 10786.9812
234.0 479.0 0.0038 10788.6397
272.0 488.0 0.0042 10787.5156
300.0 491.0 0.0050 10784.9718
337.0 479.0 0.0047 10785.8528
382.0 475.0 0.0040 10787.9715
406.0 489.0 0.0044 10786.6813
439.0 486.0 0.0041 10787.6219
482.0 483.0 0.0045 10786.5523
306.0 29.0 0.0043 10787.2133
20.0 314.0 0.0039 10788.1951
261.0 252.0 0.0317 10704.7990
243.0 429.0 0.0053 10783.9569
