25.0 9.0 0.0038 10788.7089
54.0 15.0 0.0040 10787.8625
99.0 10.0 0.0050 10784.8752
134.0 23.0 0.0036 10789.1098
156.0 18.0 0.0050 10784.8680
191.0 9.0 0.0051 10784.7887
228.0 24.0 0.0044 10786.9156
264.0 8.0 0.0052 10784.3656
312.0 8.0 0.0051 10784.8046
346.0 9.0 0.0046 10786.0610
366.0 7.0 0.0047 10785.8590
402.0 14.0 0.0045 10786.6087
447.0 18.0 0.0053 10784.0983
479.0 27.0 0.0045 10786.4884
11.0 52.0 0.0053 10784.0288
64.0 43.0 0.0052 10784.3950
88.0 51.0 0.0127 10761.7535
115.0 55.0 0.0141 10757.6027
169.0 62.0 0.0130 10761.1011
186.0 46.0 0.0047 10785.9936
235.0 52.0 0.0042 10787.5384
271.0 56.0 0.0039 10788.2618
312.0 45.0 0.0038 10788.4808
348.0 47.0 0.0044 10786.7532
371.0 61.0 0.0045 10786.4917
405.0 51.0 0.0048 10785.4730
447.0 55.0 0.0049 10785.4048
471.0 60.0 0.0050 10785.0144
13.0 90.0 0.0055 10783.6134
55.0 79.0 0.0046 10786.0616
86.0 78.0 0.0052 10784.2701
120.0 89.0 0.0044 10786.7361
152.0 84.0 0.0147 10755.7617
193.0 97.0 0.0211 10736.8377
242.0 94.0 0.0197 10740.8920
261.0 87.0 0.0048 10785.4955
294.0 94.0 0.0138 10758.5416
335.0 87.0 0.0204 10738.8375
378.0 87.0 0.0133 10759.9571
413.0 99.0 0.0119 10764.2381
436.0 86.0 0.0148 10755.5083
473.0 89.0 0.0036 10789.3269
24.0 132.0 0.0046 10786.1558
61.0 122.0 0.0129 10761.1509
91.0 128.0 0.0149 10755.3232
128.0 125.0 0.0271 10718.8384
161.0 132.0 0.0195 10741.4711
187.0 115.0 0.0042 10787.3268
229.0 118.0 0.0316 10705.0820
257.0 123.0 0.0224 10732.8162
311.0 114.0 0.0312 10706.4736
347.0 118.0 0.0321 10703.7807
368.0 134.0 0.0041 10787.7306
411.0 124.0 0.0320 10703.8613
446.0 117.0 0.0041 10787.7035
490.0 126.0 0.0048 10785.5731
15.0 156.0 0.0049 10785.4267
63.0 155.0 0.0047 10785.9121
87.0 167.0 0.0042 10787.4405
124.0 159.0 0.0317 10704.8647
150.0 165.0 0.0200 10739.9340
188.0 165.0 0.0564 10630.7142
237.0 159.0 0.0779 10566.2270
261.0 156.0 0.0040 10787.9040
299.0 150.0 0.0306 10708.2839
329.0 152.0 0.0546 10636.0500
384.0 154.0 0.0328 10701.5216
410.0 162.0 0.0137 10758.9000
448.0 167.0 0.0047 10785.9530
485.0 153.0 0.0045 10786.5536
25.0 192.0 0.0048 10785.6272
45.0 200.0 0.0046 10786.2841
92.0 186.0 0.0215 10735.3961
123.0 193.0 0.0148 10755.6016
151.0 192.0 0.0416 10675.1563
202.0 191.0 0.0703 10589.1040
241.0 205.0 0.0784 10564.9283
278.0 191.0 0.0346 10696.1506
294.0 189.0 0.0367 10689.9079
331.0 195.0 0.0277 10716.9888
370.0 204.0 0.0117 10764.7913
417.0 196.0 0.0138 10758.5745
446.0 193.0 0.0046 10786.2538
478.0 199.0 0.0039 10788.2230
23.0 238.0 0.0048 10785.5994
47.0 224.0 0.0051 10784.7281
95.0 226.0 0.0123 10763.1156
133.0 224.0 0.0121 10763.7196
162.0 228.0 0.0470 10659.0698
203.0 223.0 0.0971 10508.7558
240.0 230.0 0.1513 10345.9980
278.0 240.0 0.0273 10718.0939
300.0 223.0 0.1134 10459.7428
334.0 224.0 0.0779 10566.4033
377.0 236.0 0.0126 10762.2795
416.0 228.0 0.0133 10760.2275
435.0 225.0 0.0042 10787.3819
472.0 237.0 0.0045 10786.4917
26.0 265.0 0.0052 10784.3415
53.0 273.0 0.0041 10787.6053
99.0 277.0 0.0148 10755.6220
125.0 270.0 0.0192 10742.4829
150.0 276.0 0.0395 10681.6259
188.0 268.0 0.0886 10534.1507
229.0 274.0 0.1044 10486.7122
269.0 271.0 0.1101 10469.7119
305.0 277.0 0.1017 10494.7825
328.0 272.0 0.0559 10632.4170
374.0 264.0 0.0329 10701.2573
400.0 272.0 0.0202 10739.4895
444.0 265.0 0.0042 10787.5247
475.0 271.0 0.0041 10787.7163
15.0 302.0 0.0052 10784.2756
47.0 293.0 0.0048 10785.5070
81.0 294.0 0.0120 10763.8787
123.0 303.0 0.0125 10762.6000
162.0 310.0 0.0287 10714.0274
194.0 311.0 0.0579 10626.3738
229.0 297.0 0.0740 10577.8646
258.0 294.0 0.0490 10652.8600
314.0 310.0 0.0496 10651.0634
335.0 302.0 0.0455 10663.4307
380.0 312.0 0.0146 10756.2048
412.0 310.0 0.0214 10735.6853
451.0 298.0 0.0051 10784.7729
490.0 307.0 0.0047 10785.8897
22.0 332.0 0.0040 10787.8518
55.0 330.0 0.0043 10787.2451
87.0 335.0 0.0146 10756.1460
125.0 330.0 0.0048 10785.6156
156.0 349.0 0.0810 10556.8636
200.0 330.0 0.0485 10654.4663
226.0 347.0 0.0050 10785.1025
265.0 344.0 0.0453 10664.0760
299.0 344.0 0.0296 10711.2595
349.0 345.0 0.0649 10605.1565
378.0 337.0 0.0216 10735.1804
408.0 332.0 0.0131 10760.7416
443.0 348.0 0.0045 10786.5734
485.0 334.0 0.0043 10787.1321
17.0 376.0 0.0048 10785.5469
49.0 385.0 0.0038 10788.7348
91.0 373.0 0.0202 10739.3339
116.0 369.0 0.0202 10739.3762
155.0 374.0 0.0452 10664.3763
202.0 366.0 0.0042 10787.2861
233.0 370.0 0.0215 10735.5836
268.0 365.0 0.0268 10719.4720
309.0 384.0 0.0203 10739.0305
343.0 373.0 0.0040 10787.8748
373.0 364.0 0.0045 10786.5515
420.0 381.0 0.0142 10757.3771
450.0 384.0 0.0136 10759.1700
482.0 374.0 0.0048 10785.7037
22.0 411.0 0.0045 10786.5092
64.0 414.0 0.0038 10788.5976
87.0 403.0 0.0048 10785.6496
125.0 420.0 0.0307 10707.9781
166.0 406.0 0.0049 10785.3475
191.0 404.0 0.0116 10765.0744
234.0 400.0 0.0207 10737.9711
267.0 419.0 0.0132 10760.3825
314.0 404.0 0.0214 10735.7204
347.0 414.0 0.0224 10732.8026
378.0 412.0 0.0369 10689.2081
402.0 410.0 0.0133 10760.1998
448.0 420.0 0.0118 10764.7260
474.0 413.0 0.0034 10789.7726
7.0 449.0 0.0048 10785.5804
59.0 443.0 0.0045 10786.3668
93.0 438.0 0.0238 10728.7323
131.0 448.0 0.0045 10786.4281
152.0 448.0 0.0041 10787.7116
203.0 449.0 0.0047 10785.8193
232.0 447.0 0.0048 10785.5160
260.0 439.0 0.0041 10787.7736
295.0 447.0 0.0048 10785.7040
336.0 449.0 0.0040 10788.0950
371.0 447.0 0.0051 10784.5808
420.0 451.0 0.0046 10786.0560
448.0 456.0 0.0049 10785.3707
489.0 455.0 0.0046 10786.2643
18.0 476.0 0.0051 10784.8413
55.0 472.0 0.0049 10785.2785
96.0 488.0 0.0045 10786.6048
120.0 490.0 0.0044 10786.8196
159.0 480.0 0.0042 10787.5392
192.0 474.0 0.0047 10785.8995
223.0 472.0 0.0037 10788.8294
259.0 490.0 0.0044 10786.9039
311.0 479.0 0.0042 10787.3668
330.0 477.0 0.0044 10786.8746
370.0 481.0 0.0040 10788.0986
417.0 484.0 0.0048 10785.7199
441.0 491.0 0.0051 10784.6198
478.0 483.0 0.0038 10788.6704
358.0 316.0 0.0188 10743.5506
107.0 243.0 0.0235 10729.3581
109.0 120.0 0.0132 10760.4806
217.0 455.0 0.0051 10784.7233
