6.0 12.0 0.0039 10788.2050
56.0 9.0 0.0046 10786.2149
90.0 19.0 0.0044 10786.7112
130.0 22.0 0.0048 10785.7326
155.0 30.0 0.0052 10784.5430
187.0 3.0 0.0036 10789.1928
239.0 6.0 0.0049 10785.4317
277.0 13.0 0.0045 10786.3608
315.0 19.0 0.0047 10786.0238
336.0 7.0 0.0040 10787.8561
373.0 28.0 0.0033 10789.9923
409.0 8.0 0.0051 10784.8293
434.0 19.0 0.0040 10788.1440
469.0 20.0 0.0055 10783.3626
8.0 48.0 0.0033 10790.0566
45.0 56.0 0.0045 10786.5704
77.0 48.0 0.0039 10788.2666
127.0 50.0 0.0131 10760.7909
164.0 44.0 0.0043 10787.0598
186.0 67.0 0.0143 10757.1323
232.0 49.0 0.0045 10786.5770
255.0 46.0 0.0043 10787.0983
297.0 48.0 0.0043 10786.9905
345.0 57.0 0.0043 10786.9838
375.0 56.0 0.0045 10786.5474
400.0 40.0 0.0039 10788.2586
444.0 46.0 0.0051 10784.6339
491.0 58.0 0.0052 10784.2578
24.0 101.0 0.0052 10784.4924
52.0 76.0 0.0231 10730.8214
92.0 101.0 0.0041 10787.8460
133.0 84.0 0.0213 10736.2194
169.0 95.0 0.0129 10761.2995
210.0 99.0 0.0132 10760.3160
239.0 85.0 0.0132 10760.4675
279.0 93.0 0.0132 10760.4707
316.0 101.0 0.0135 10759.6403
335.0 76.0 0.0298 10710.7141
364.0 81.0 0.0122 10763.3051
404.0 79.0 0.0283 10715.0894
456.0 87.0 0.0036 10789.3310
491.0 87.0 0.0043 10787.1814
16.0 113.0 0.0044 10786.8403
64.0 138.0 0.0035 10789.4185
90.0 122.0 0.0117 10764.7770
123.0 130.0 0.0314 10705.8353
160.0 127.0 0.0468 10659.6677
203.0 117.0 0.0407 10677.8011
231.0 115.0 0.0058 10782.7228
268.0 120.0 0.0645 10606.4762
307.0 122.0 0.0148 10755.7458
349.0 121.0 0.0043 10787.0885
364.0 135.0 0.0466 10660.0555
404.0 117.0 0.0287 10713.9507
441.0 121.0 0.0045 10786.5417
490.0 128.0 0.0045 10786.4930
24.0 163.0 0.0053 10784.0934
41.0 147.0 0.0042 10787.4867
90.0 151.0 0.0232 10730.5060
118.0 165.0 0.0227 10731.9864
173.0 170.0 0.0306 10708.0843
205.0 162.0 0.0506 10648.0757
223.0 148.0 0.0210 10736.8911
266.0 155.0 0.0394 10681.6924
298.0 167.0 0.0234 10729.7464
346.0 151.0 0.0472 10658.2850
378.0 168.0 0.0124 10762.8947
419.0 171.0 0.0305 10708.5328
449.0 160.0 0.0119 10764.2993
495.0 173.0 0.0042 10787.3658
22.0 188.0 0.0054 10783.8215
41.0 197.0 0.0045 10786.4973
100.0 208.0 0.0115 10765.5877
135.0 207.0 0.0146 10756.2145
150.0 195.0 0.0052 10784.3263
200.0 198.0 0.0752 10574.5120
219.0 204.0 0.0620 10614.0576
266.0 201.0 0.0736 10579.2076
305.0 184.0 0.1681 10295.7265
344.0 204.0 0.0418 10674.5963
383.0 206.0 0.0300 10709.8579
397.0 197.0 0.0039 10788.2706
456.0 186.0 0.0042 10787.2969
494.0 182.0 0.0044 10786.9329
10.0 242.0 0.0049 10785.3515
55.0 234.0 0.0050 10785.0571
95.0 234.0 0.0238 10728.5928
115.0 219.0 0.0128 10761.6408
160.0 230.0 0.0211 10736.7704
187.0 243.0 0.0492 10652.3781
230.0 226.0 0.1302 10409.4682
270.0 245.0 0.0214 10735.8311
304.0 239.0 0.0601 10619.5813
345.0 245.0 0.0200 10739.9361
373.0 245.0 0.0037 10788.7530
423.0 238.0 0.0042 10787.3529
439.0 241.0 0.0047 10785.9885
480.0 221.0 0.0044 10786.7747
16.0 256.0 0.0055 10783.4566
40.0 280.0 0.0047 10786.0099
101.0 278.0 0.0238 10728.6534
116.0 253.0 0.0206 10738.2034
174.0 270.0 0.0477 10656.8952
184.0 255.0 0.0274 10717.6710
232.0 253.0 0.0697 10590.8874
270.0 253.0 0.0569 10629.3542
305.0 272.0 0.0270 10718.9511
336.0 264.0 0.0234 10729.9399
388.0 276.0 0.0239 10728.1991
413.0 262.0 0.0130 10760.9587
440.0 279.0 0.0049 10785.2807
479.0 281.0 0.0043 10787.2470
21.0 304.0 0.0050 10785.0258
48.0 310.0 0.0054 10783.7037
92.0 305.0 0.0145 10756.4686
138.0 291.0 0.0038 10788.6646
170.0 304.0 0.0045 10786.4949
192.0 298.0 0.0947 10515.9142
239.0 301.0 0.1153 10454.1336
275.0 289.0 0.1120 10463.9133
314.0 302.0 0.0994 10501.7488
338.0 309.0 0.0054 10783.6824
364.0 301.0 0.0429 10671.4487
403.0 297.0 0.0141 10757.7445
452.0 314.0 0.0055 10783.4436
471.0 307.0 0.0055 10783.4501
12.0 329.0 0.0049 10785.3414
56.0 329.0 0.0136 10759.2493
92.0 351.0 0.0218 10734.6822
137.0 344.0 0.0677 10596.8198
168.0 332.0 0.0386 10684.1359
193.0 339.0 0.0336 10699.3434
218.0 337.0 0.0494 10651.6746
277.0 326.0 0.0999 10500.3719
289.0 331.0 0.0053 10784.0801
325.0 352.0 0.0562 10631.5345
376.0 352.0 0.0212 10736.5276
397.0 329.0 0.0143 10757.0588
447.0 341.0 0.0055 10783.3626
478.0 352.0 0.0048 10785.7338
17.0 370.0 0.0046 10786.2895
63.0 373.0 0.0125 10762.3604
101.0 388.0 0.0052 10784.3955
116.0 383.0 0.0336 10699.2406
167.0 380.0 0.0139 10758.2966
205.0 373.0 0.0046 10786.2559
219.0 362.0 0.0179 10746.3591
273.0 375.0 0.0222 10733.3712
298.0 370.0 0.0046 10786.1690
336.0 361.0 0.0273 10718.0077
373.0 363.0 0.0313 10706.1185
421.0 361.0 0.0215 10735.5981
449.0 382.0 0.0127 10761.8891
485.0 365.0 0.0035 10789.3572
7.0 401.0 0.0051 10784.8477
50.0 397.0 0.0035 10789.5926
83.0 414.0 0.0234 10729.7394
132.0 413.0 0.0049 10785.2636
165.0 405.0 0.0150 10754.9413
196.0 408.0 0.0195 10741.5035
241.0 402.0 0.0134 10759.7526
267.0 400.0 0.0043 10787.1819
293.0 412.0 0.0332 10700.3603
350.0 423.0 0.0042 10787.4568
373.0 397.0 0.0272 10718.4450
403.0 415.0 0.0136 10759.3242
448.0 411.0 0.0143 10757.0629
493.0 404.0 0.0046 10786.2342
19.0 445.0 0.0047 10786.0378
49.0 434.0 0.0050 10784.9117
80.0 453.0 0.0044 10786.9231
126.0 433.0 0.0055 10783.5355
147.0 452.0 0.0041 10787.5956
204.0 438.0 0.0043 10787.1508
239.0 445.0 0.0044 10786.6787
273.0 443.0 0.0037 10788.8362
303.0 457.0 0.0048 10785.5076
332.0 437.0 0.0049 10785.3203
375.0 441.0 0.0052 10784.3175
414.0 440.0 0.0050 10784.9689
440.0 451.0 0.0051 10784.6674
488.0 448.0 0.0043 10787.0781
26.0 480.0 0.0053 10784.1681
40.0 492.0 0.0051 10784.6043
95.0 468.0 0.0054 10783.7875
132.0 475.0 0.0049 10785.4066
149.0 484.0 0.0047 10785.9670
182.0 489.0 0.0045 10786.4559
234.0 490.0 0.0047 10786.0218
268.0 490.0 0.0051 10784.8251
294.0 494.0 0.0046 10786.0707
333.0 479.0 0.0046 10786.2496
388.0 469.0 0.0041 10787.6341
396.0 478.0 0.0049 10785.2502
432.0 478.0 0.0037 10788.8166
495.0 484.0 0.0048 10785.6064
361.0 258.0 0.0191 10742.8442
159.0 275.0 0.0045 10786.3756
190.0 347.0 0.0111 10766.5890
449.0 41.0 0.0053 10784.1967
