21.0 19.0 0.0036 10789.3453
41.0 14.0 0.0037 10788.8833
86.0 33.0 0.0047 10785.7608
133.0 11.0 0.0044 10786.9486
146.0 4.0 0.0042 10787.4120
196.0 20.0 0.0048 10785.6727
222.0 21.0 0.0054 10783.8454
271.0 23.0 0.0038 10788.5758
291.0 20.0 0.0043 10786.9869
326.0 22.0 0.0037 10788.9371
369.0 22.0 0.0049 10785.4165
405.0 3.0 0.0043 10786.9734
436.0 33.0 0.0152 10754.4084
497.0 17.0 0.0039 10788.2581
30.0 42.0 0.0049 10785.4404
55.0 64.0 0.0041 10787.6808
75.0 55.0 0.0040 10788.1260
130.0 69.0 0.0044 10786.7372
158.0 40.0 0.0045 10786.3970
185.0 67.0 0.0229 10731.4421
234.0 66.0 0.0041 10787.7657
273.0 60.0 0.0053 10784.0518
298.0 58.0 0.0039 10788.3168
343.0 45.0 0.0137 10759.0441
385.0 68.0 0.0036 10789.2860
396.0 58.0 0.0041 10787.6414
457.0 51.0 0.0038 10788.5160
472.0 62.0 0.0050 10785.0931
2.0 91.0 0.0050 10784.9305
63.0 77.0 0.0199 10740.4333
82.0 102.0 0.0238 10728.7393
115.0 92.0 0.0049 10785.4064
145.0 79.0 0.0055 10783.4322
198.0 104.0 0.0238 10728.7391
216.0 79.0 0.0044 10786.8042
257.0 89.0 0.0230 10731.0452
303.0 80.0 0.0202 10739.2754
325.0 79.0 0.0045 10786.5188
371.0 92.0 0.0249 10725.3589
415.0 95.0 0.0123 10763.0381
457.0 103.0 0.0044 10786.9490
476.0 74.0 0.0040 10787.8895
27.0 115.0 0.0035 10789.5462
60.0 113.0 0.0052 10784.4674
98.0 117.0 0.0049 10785.2016
111.0 112.0 0.0316 10705.2697
148.0 117.0 0.0034 10789.6701
199.0 116.0 0.0206 10738.1615
232.0 139.0 0.0201 10739.6632
272.0 123.0 0.0135 10759.4649
310.0 120.0 0.0214 10735.7363
353.0 123.0 0.0320 10704.0552
374.0 119.0 0.0044 10786.8915
424.0 135.0 0.0221 10733.7936
453.0 129.0 0.0033 10790.1549
471.0 128.0 0.0039 10788.2015
17.0 155.0 0.0038 10788.6299
40.0 172.0 0.0043 10787.1264
82.0 153.0 0.0436 10669.3469
121.0 176.0 0.0464 10660.9260
152.0 172.0 0.0112 10766.4578
194.0 153.0 0.0618 10614.4766
230.0 174.0 0.0045 10786.5441
254.0 173.0 0.0301 10709.6224
306.0 153.0 0.1104 10468.6782
326.0 148.0 0.0045 10786.3644
360.0 174.0 0.0043 10787.2181
402.0 153.0 0.0394 10681.9223
433.0 157.0 0.0046 10786.1256
489.0 176.0 0.0053 10784.1486
8.0 211.0 0.0046 10786.3175
55.0 182.0 0.0052 10784.3721
102.0 185.0 0.0140 10757.9288
134.0 203.0 0.0055 10783.5912
148.0 188.0 0.1032 10490.2579
202.0 190.0 0.0308 10707.6438
217.0 197.0 0.0478 10656.7381
255.0 205.0 0.1336 10399.2608
287.0 193.0 0.0279 10716.3087
351.0 181.0 0.0335 10699.5576
382.0 199.0 0.0049 10785.3281
396.0 201.0 0.0201 10739.5763
446.0 199.0 0.0050 10785.1230
475.0 188.0 0.0046 10786.1254
22.0 223.0 0.0052 10784.5056
43.0 238.0 0.0051 10784.6283
81.0 225.0 0.0147 10755.7714
129.0 229.0 0.0199 10740.1657
167.0 221.0 0.0242 10727.3946
180.0 224.0 0.0698 10590.6791
219.0 239.0 0.1634 10309.7286
256.0 242.0 0.0320 10703.9516
301.0 224.0 0.1111 10466.6378
351.0 234.0 0.0213 10735.9689
363.0 225.0 0.0487 10653.9358
406.0 242.0 0.0041 10787.5949
433.0 218.0 0.0142 10757.5458
473.0 220.0 0.0045 10786.6326
2.0 270.0 0.0052 10784.3220
59.0 283.0 0.0041 10787.7561
86.0 272.0 0.0273 10717.9554
129.0 270.0 0.0186 10744.1061
149.0 265.0 0.0462 10661.4806
188.0 263.0 0.0805 10558.4471
219.0 272.0 0.1775 10267.3630
274.0 282.0 0.1100 10469.9600
288.0 276.0 0.0380 10686.0870
339.0 257.0 0.0228 10731.5516
375.0 281.0 0.0149 10755.3609
399.0 277.0 0.0326 10702.3112
442.0 281.0 0.0048 10785.4546
468.0 252.0 0.0040 10787.9938
12.0 313.0 0.0050 10784.9253
44.0 291.0 0.0053 10784.1928
79.0 291.0 0.0040 10787.9011
113.0 290.0 0.0306 10708.0704
163.0 311.0 0.0202 10739.5409
189.0 298.0 0.0048 10785.5352
222.0 304.0 0.0033 10790.0124
255.0 310.0 0.0469 10659.3715
297.0 289.0 0.0480 10656.1004
328.0 295.0 0.0423 10673.0738
362.0 293.0 0.0432 10670.4431
395.0 307.0 0.0120 10763.8870
450.0 316.0 0.0050 10785.0690
468.0 297.0 0.0043 10787.0752
28.0 330.0 0.0048 10785.6449
46.0 347.0 0.0239 10728.3839
89.0 336.0 0.0133 10760.0519
112.0 349.0 0.0218 10734.7245
149.0 323.0 0.0134 10759.9377
194.0 327.0 0.1068 10479.6992
242.0 324.0 0.0794 10561.8693
257.0 353.0 0.0604 10618.6908
315.0 345.0 0.0624 10612.8166
346.0 354.0 0.0046 10786.0953
380.0 348.0 0.0202 10739.3840
414.0 325.0 0.0184 10744.7850
457.0 328.0 0.0048 10785.6578
488.0 351.0 0.0044 10786.8406
4.0 381.0 0.0033 10790.1158
54.0 368.0 0.0034 10789.9139
73.0 386.0 0.0043 10787.0504
138.0 388.0 0.0224 10732.8377
147.0 385.0 0.0457 10662.9531
181.0 387.0 0.0511 10646.6645
235.0 370.0 0.0255 10723.4400
281.0 362.0 0.0217 10734.9952
313.0 365.0 0.0129 10761.3897
335.0 363.0 0.0395 10681.3661
373.0 364.0 0.0046 10786.0925
395.0 370.0 0.0313 10706.1762
449.0 379.0 0.0052 10784.4684
484.0 367.0 0.0045 10786.3764
6.0 419.0 0.0047 10785.8121
55.0 398.0 0.0042 10787.5182
77.0 414.0 0.0201 10739.7221
138.0 407.0 0.0047 10785.9234
164.0 421.0 0.0052 10784.4756
180.0 412.0 0.0131 10760.7723
217.0 423.0 0.0130 10761.1460
271.0 405.0 0.0236 10729.3222
317.0 394.0 0.0041 10787.5806
329.0 405.0 0.0143 10757.1784
363.0 412.0 0.0135 10759.3553
406.0 407.0 0.0219 10734.2256
446.0 417.0 0.0041 10787.8356
474.0 411.0 0.0050 10784.9466
10.0 453.0 0.0042 10787.3165
45.0 458.0 0.0053 10784.0054
84.0 454.0 0.0141 10757.6927
130.0 435.0 0.0208 10737.5168
154.0 461.0 0.0044 10786.8677
187.0 443.0 0.0049 10785.2447
221.0 436.0 0.0035 10789.6456
270.0 432.0 0.0044 10786.7644
291.0 437.0 0.0127 10761.9887
327.0 445.0 0.0046 10786.1312
383.0 433.0 0.0048 10785.4528
417.0 430.0 0.0144 10756.8959
433.0 438.0 0.0046 10786.3200
485.0 430.0 0.0047 10786.0172
25.0 489.0 0.0041 10787.8093
40.0 493.0 0.0049 10785.2715
77.0 486.0 0.0044 10786.6752
126.0 472.0 0.0059 10782.2834
154.0 489.0 0.0041 10787.7451
198.0 474.0 0.0050 10784.9926
237.0 494.0 0.0038 10788.6820
274.0 486.0 0.0050 10785.0053
291.0 483.0 0.0045 10786.3570
336.0 497.0 0.0044 10786.8250
385.0 468.0 0.0048 10785.6193
413.0 470.0 0.0044 10786.7459
442.0 467.0 0.0038 10788.7186
497.0 471.0 0.0052 10784.5142
366.0 417.0 0.0054 10783.8757
497.0 165.0 0.0050 10784.9997
330.0 230.0 0.0753 10574.0416
26.0 389.0 0.0048 10785.5837
