8.0 9.0 0.0046 10786.3404
42.0 25.0 0.0048 10785.5340
94.0 30.0 0.0113 10766.0367
129.0 35.0 0.0047 10785.7928
167.0 10.0 0.0050 10785.0228
212.0 25.0 0.0049 10785.3341
222.0 22.0 0.0054 10783.8868
253.0 6.0 0.0050 10785.0022
319.0 10.0 0.0047 10785.9809
353.0 11.0 0.0038 10788.6199
389.0 18.0 0.0050 10784.8640
463.0 25.0 0.0044 10786.7069
480.0 29.0 0.0050 10785.0614
4.0 54.0 0.0044 10786.9200
57.0 48.0 0.0058 10782.7472
99.0 64.0 0.0043 10786.9575
123.0 38.0 0.0049 10785.3544
163.0 56.0 0.0033 10790.2130
211.0 50.0 0.0038 10788.7120
229.0 36.0 0.0046 10786.1193
274.0 62.0 0.0042 10787.4153
315.0 63.0 0.0123 10763.1056
334.0 46.0 0.0038 10788.6142
376.0 69.0 0.0038 10788.7345
403.0 51.0 0.0047 10785.9234
432.0 60.0 0.0042 10787.3702
477.0 64.0 0.0038 10788.6586
14.0 76.0 0.0045 10786.3663
66.0 88.0 0.0155 10753.4403
91.0 101.0 0.0129 10761.2946
112.0 74.0 0.0138 10758.5732
145.0 83.0 0.0181 10745.6531
209.0 76.0 0.0050 10784.9298
240.0 76.0 0.0139 10758.2451
275.0 90.0 0.0218 10734.5940
300.0 90.0 0.0150 10755.1410
324.0 102.0 0.0033 10790.2051
371.0 77.0 0.0055 10783.6231
423.0 90.0 0.0281 10715.8451
444.0 95.0 0.0041 10787.6601
499.0 89.0 0.0052 10784.4194
1.0 131.0 0.0037 10788.8721
60.0 139.0 0.0043 10787.0556
97.0 141.0 0.0050 10784.9436
113.0 118.0 0.0154 10753.7297
161.0 111.0 0.0334 10699.9475
195.0 109.0 0.0203 10739.2310
235.0 119.0 0.0208 10737.7027
274.0 119.0 0.0048 10785.4792
301.0 132.0 0.0386 10684.1711
329.0 114.0 0.0228 10731.4798
383.0 107.0 0.0202 10739.3721
403.0 134.0 0.0272 10718.3406
454.0 116.0 0.0044 10786.7776
490.0 113.0 0.0054 10783.9377
21.0 174.0 0.0043 10786.9667
49.0 150.0 0.0050 10784.8501
74.0 144.0 0.0130 10761.1403
118.0 159.0 0.0231 10730.6332
158.0 148.0 0.0555 10633.4102
193.0 174.0 0.0198 10740.6572
227.0 157.0 0.0112 10766.3480
250.0 163.0 0.0700 10590.0513
299.0 154.0 0.0137 10758.8248
342.0 168.0 0.0703 10589.0774
387.0 145.0 0.0556 10633.3416
400.0 148.0 0.0046 10786.3393
438.0 151.0 0.0153 10754.2123
498.0 177.0 0.0044 10786.7212
21.0 188.0 0.0041 10787.7350
44.0 193.0 0.0054 10783.9151
93.0 197.0 0.0044 10786.9186
125.0 189.0 0.0184 10744.8690
167.0 190.0 0.0286 10714.1383
188.0 193.0 0.0599 10620.2058
215.0 182.0 0.1263 10420.9554
259.0 197.0 0.0677 10596.9350
313.0 198.0 0.0309 10707.2960
344.0 208.0 0.0894 10531.7785
384.0 183.0 0.0041 10787.5764
424.0 213.0 0.0126 10762.0769
450.0 178.0 0.0043 10787.0459
465.0 201.0 0.0045 10786.3781
35.0 230.0 0.0051 10784.8036
63.0 219.0 0.0036 10789.1385
89.0 217.0 0.0206 10738.1995
127.0 215.0 0.0491 10652.7496
166.0 214.0 0.0425 10672.6446
206.0 246.0 0.1120 10464.0093
217.0 216.0 0.0166 10750.0576
272.0 238.0 0.1150 10455.1116
301.0 248.0 0.0939 10518.3249
322.0 230.0 0.0542 10637.5300
388.0 225.0 0.0434 10669.8049
408.0 238.0 0.0048 10785.6959
440.0 230.0 0.0040 10787.9925
482.0 243.0 0.0049 10785.2135
19.0 272.0 0.0045 10786.5687
68.0 258.0 0.0045 10786.5710
80.0 284.0 0.0050 10784.8608
119.0 251.0 0.0234 10729.9001
165.0 269.0 0.0597 10621.0128
200.0 256.0 0.0032 10790.2635
248.0 250.0 0.0317 10704.9116
281.0 259.0 0.1038 10488.4525
286.0 281.0 0.0440 10667.9276
323.0 270.0 0.0969 10509.3858
369.0 253.0 0.0233 10730.0448
412.0 283.0 0.0058 10782.6554
450.0 255.0 0.0050 10784.9192
484.0 275.0 0.0050 10784.8674
24.0 296.0 0.0036 10789.1093
63.0 298.0 0.0043 10787.1722
89.0 310.0 0.0411 10676.8397
124.0 318.0 0.0135 10759.5855
177.0 301.0 0.0051 10784.6116
207.0 315.0 0.1051 10484.8158
225.0 287.0 0.1246 10426.0647
261.0 289.0 0.0485 10654.6458
315.0 295.0 0.0127 10761.8300
333.0 286.0 0.0388 10683.5485
384.0 308.0 0.0208 10737.5449
407.0 305.0 0.0046 10786.0853
455.0 312.0 0.0039 10788.2534
475.0 301.0 0.0050 10785.0753
24.0 343.0 0.0044 10786.8806
48.0 349.0 0.0048 10785.6339
88.0 340.0 0.0040 10787.8747
137.0 322.0 0.0203 10739.1481
157.0 331.0 0.0466 10660.2000
196.0 354.0 0.0858 10542.7214
242.0 323.0 0.0040 10788.0273
282.0 337.0 0.0640 10608.0346
313.0 328.0 0.0368 10689.6744
348.0 321.0 0.0448 10665.5845
379.0 330.0 0.0571 10628.7690
403.0 331.0 0.0229 10731.3160
442.0 341.0 0.0041 10787.8245
483.0 355.0 0.0052 10784.3354
33.0 361.0 0.0042 10787.3303
68.0 357.0 0.0127 10761.7778
93.0 359.0 0.0270 10718.9987
134.0 388.0 0.0124 10762.6800
160.0 364.0 0.0501 10649.5892
199.0 366.0 0.0050 10785.0322
223.0 367.0 0.0138 10758.5034
280.0 358.0 0.0357 10692.9607
304.0 389.0 0.0247 10725.9744
351.0 367.0 0.0044 10786.8669
380.0 368.0 0.0293 10711.9764
427.0 364.0 0.0240 10727.9226
452.0 384.0 0.0040 10788.0339
499.0 359.0 0.0039 10788.2801
16.0 406.0 0.0039 10788.1974
41.0 420.0 0.0128 10761.7341
89.0 411.0 0.0136 10759.2100
119.0 418.0 0.0195 10741.6331
143.0 406.0 0.0128 10761.5903
194.0 408.0 0.0238 10728.7011
239.0 425.0 0.0047 10786.0152
275.0 417.0 0.0052 10784.5210
300.0 411.0 0.0126 10762.2000
356.0 409.0 0.0143 10756.9673
372.0 413.0 0.0134 10759.8986
394.0 406.0 0.0129 10761.2656
431.0 396.0 0.0140 10758.0206
481.0 400.0 0.0038 10788.5771
2.0 454.0 0.0029 10791.2175
49.0 434.0 0.0048 10785.5297
102.0 448.0 0.0040 10787.9892
133.0 441.0 0.0045 10786.3835
146.0 453.0 0.0038 10788.5440
206.0 430.0 0.0135 10759.5300
238.0 447.0 0.0045 10786.4220
282.0 445.0 0.0045 10786.3709
316.0 431.0 0.0134 10759.7000
343.0 462.0 0.0045 10786.3962
374.0 463.0 0.0033 10790.1450
405.0 443.0 0.0125 10762.3650
431.0 435.0 0.0048 10785.5887
498.0 442.0 0.0048 10785.6562
26.0 467.0 0.0048 10785.6193
51.0 466.0 0.0050 10785.0184
80.0 474.0 0.0038 10788.7206
118.0 486.0 0.0051 10784.6080
144.0 494.0 0.0058 10782.4762
179.0 496.0 0.0047 10786.0020
248.0 476.0 0.0048 10785.5539
265.0 464.0 0.0044 10786.8337
310.0 477.0 0.0056 10783.3222
354.0 480.0 0.0050 10784.9397
374.0 498.0 0.0054 10783.8589
401.0 498.0 0.0053 10784.0121
450.0 469.0 0.0049 10785.2319
472.0 482.0 0.0042 10787.4486
183.0 95.0 0.0129 10761.3713
401.0 264.0 0.0332 10700.4454
260.0 300.0 0.0032 10790.4240
180.0 16.0 0.0046 10786.0920
409.0 26.0 0.0050 10785.0219
