15.0 13.0 0.0046 10786.2653
43.0 16.0 0.0047 10786.0202
73.0 15.0 0.0048 10785.5638
102.0 14.0 0.0045 10786.5703
133.0 16.0 0.0050 10785.1286
159.0 13.0 0.0051 10784.6858
190.0 16.0 0.0056 10783.0833
223.0 15.0 0.0046 10786.1062
252.0 13.0 0.0034 10789.7725
277.0 17.0 0.0047 10785.9698
307.0 12.0 0.0053 10784.1445
337.0 12.0 0.0050 10785.0177
367.0 12.0 0.0050 10784.8705
395.0 15.0 0.0048 10785.5042
425.0 14.0 0.0045 10786.4784
457.0 14.0 0.0046 10786.1317
485.0 17.0 0.0046 10786.1241
12.0 41.0 0.0051 10784.8300
43.0 45.0 0.0043 10787.0794
71.0 46.0 0.0046 10786.1748
105.0 44.0 0.0044 10786.8701
130.0 41.0 0.0053 10784.2299
159.0 42.0 0.0051 10784.8232
191.0 42.0 0.0047 10785.9849
223.0 43.0 0.0039 10788.1788
247.0 45.0 0.0051 10784.6143
281.0 43.0 0.0054 10783.6566
311.0 41.0 0.0055 10783.6220
338.0 44.0 0.0050 10785.0010
366.0 42.0 0.0048 10785.5152
395.0 46.0 0.0045 10786.4689
426.0 46.0 0.0044 10786.8418
455.0 42.0 0.0054 10783.8446
483.0 42.0 0.0048 10785.7343
14.0 72.0 0.0048 10785.5551
41.0 71.0 0.0052 10784.4604
75.0 71.0 0.0128 10761.5726
101.0 74.0 0.0135 10759.5435
129.0 72.0 0.0145 10756.4189
159.0 71.0 0.0142 10757.3781
188.0 72.0 0.0051 10784.6280
221.0 75.0 0.0049 10785.3091
249.0 73.0 0.0235 10729.5481
277.0 73.0 0.0147 10755.8739
306.0 73.0 0.0139 10758.2665
337.0 73.0 0.0141 10757.7836
368.0 71.0 0.0136 10759.0544
395.0 72.0 0.0133 10760.2494
426.0 76.0 0.0129 10761.1565
457.0 76.0 0.0050 10784.8858
487.0 75.0 0.0045 10786.3711
17.0 101.0 0.0040 10788.0694
45.0 104.0 0.0052 10784.3394
73.0 105.0 0.0132 10760.3395
104.0 100.0 0.0135 10759.6383
132.0 104.0 0.0128 10761.6865
159.0 102.0 0.0305 10708.6399
193.0 105.0 0.0243 10727.2057
219.0 102.0 0.0231 10730.7864
251.0 105.0 0.0051 10784.6935
276.0 100.0 0.0234 10729.7389
306.0 104.0 0.0138 10758.5857
340.0 105.0 0.0136 10759.1393
367.0 105.0 0.0141 10757.8316
396.0 103.0 0.0138 10758.5003
427.0 101.0 0.0136 10759.2765
455.0 100.0 0.0052 10784.3039
484.0 101.0 0.0049 10785.4064
17.0 133.0 0.0050 10784.9594
45.0 134.0 0.0048 10785.6668
76.0 131.0 0.0134 10759.7626
104.0 129.0 0.0151 10754.8380
129.0 131.0 0.0398 10680.5145
158.0 135.0 0.0229 10731.2832
190.0 132.0 0.0237 10729.0366
221.0 134.0 0.0222 10733.2535
248.0 132.0 0.0237 10728.8472
281.0 133.0 0.0347 10695.9700
306.0 130.0 0.0315 10705.6223
340.0 134.0 0.0217 10734.8259
367.0 134.0 0.0217 10734.8658
398.0 134.0 0.0140 10758.1347
423.0 132.0 0.0130 10760.8647
458.0 132.0 0.0042 10787.3721
486.0 134.0 0.0049 10785.1646
14.0 159.0 0.0048 10785.7407
42.0 161.0 0.0049 10785.4200
71.0 161.0 0.0123 10762.9940
100.0 164.0 0.0220 10733.9970
134.0 163.0 0.0208 10737.4661
164.0 164.0 0.0204 10738.9053
189.0 164.0 0.0214 10735.8687
221.0 161.0 0.0335 10699.6350
252.0 159.0 0.0596 10621.1085
279.0 163.0 0.0240 10728.0320
309.0 159.0 0.0223 10733.0770
340.0 158.0 0.0418 10674.5262
370.0 164.0 0.0294 10711.9152
396.0 164.0 0.0136 10759.0944
425.0 160.0 0.0139 10758.4244
453.0 162.0 0.0043 10786.9653
487.0 160.0 0.0048 10785.4545
14.0 190.0 0.0049 10785.4095
43.0 189.0 0.0038 10788.5926
73.0 192.0 0.0045 10786.5220
101.0 193.0 0.0130 10760.8580
135.0 190.0 0.0235 10729.4211
164.0 193.0 0.0222 10733.3175
192.0 191.0 0.0461 10661.7550
222.0 189.0 0.0762 10571.3899
250.0 193.0 0.0914 10525.9077
278.0 188.0 0.0650 10605.1030
308.0 191.0 0.0307 10708.0295
338.0 190.0 0.0587 10623.7890
367.0 189.0 0.0050 10784.9203
398.0 188.0 0.0130 10761.0221
426.0 192.0 0.0148 10755.7434
458.0 190.0 0.0042 10787.3677
488.0 192.0 0.0048 10785.4964
17.0 222.0 0.0051 10784.8471
45.0 220.0 0.0047 10785.8210
71.0 218.0 0.0038 10788.6760
105.0 221.0 0.0309 10707.1746
129.0 219.0 0.0344 10696.7455
164.0 223.0 0.0315 10705.4671
189.0 220.0 0.0581 10625.7575
220.0 218.0 0.0623 10613.0998
252.0 219.0 0.1106 10468.2416
281.0 223.0 0.0849 10545.1870
310.0 220.0 0.0498 10650.5960
338.0 218.0 0.0239 10728.1873
366.0 218.0 0.0236 10729.1890
395.0 220.0 0.0143 10757.1754
428.0 220.0 0.0119 10764.2357
453.0 221.0 0.0050 10784.9829
485.0 219.0 0.0041 10787.8384
13.0 252.0 0.0054 10783.8545
42.0 248.0 0.0059 10782.3177
75.0 249.0 0.0049 10785.4266
103.0 251.0 0.0033 10790.1660
131.0 248.0 0.0411 10676.7323
160.0 250.0 0.0629 10611.1633
193.0 252.0 0.0670 10599.0951
218.0 250.0 0.1388 10383.7182
249.0 247.0 0.0853 10544.0218
281.0 252.0 0.2369 10089.2957
306.0 250.0 0.0387 10683.9680
340.0 251.0 0.0555 10633.4482
369.0 249.0 0.0321 10703.7420
396.0 251.0 0.0034 10789.9114
425.0 250.0 0.0326 10702.2881
458.0 249.0 0.0051 10784.7911
487.0 251.0 0.0039 10788.4307
16.0 278.0 0.0054 10783.9466
41.0 278.0 0.0038 10788.4650
71.0 279.0 0.0050 10785.1136
105.0 277.0 0.0233 10730.0941
133.0 279.0 0.0240 10727.9439
158.0 277.0 0.0513 10646.0213
191.0 278.0 0.0500 10650.1311
219.0 280.0 0.0568 10629.5077
248.0 281.0 0.1139 10458.2795
279.0 277.0 0.0709 10587.1589
310.0 281.0 0.0503 10649.1637
336.0 279.0 0.0388 10683.6575
368.0 281.0 0.0341 10697.7274
395.0 276.0 0.0225 10732.5100
429.0 276.0 0.0052 10784.4923
456.0 282.0 0.0054 10783.7209
482.0 279.0 0.0047 10785.8120
16.0 308.0 0.0051 10784.7447
46.0 310.0 0.0048 10785.6369
75.0 311.0 0.0057 10783.0449
104.0 309.0 0.0314 10705.6565
129.0 309.0 0.0318 10704.5815
161.0 310.0 0.0227 10731.8831
189.0 307.0 0.0671 10598.7564
218.0 310.0 0.0516 10645.0730
248.0 308.0 0.0764 10570.8527
277.0 310.0 0.0577 10626.7721
309.0 305.0 0.0547 10635.8710
335.0 307.0 0.0218 10734.6896
369.0 307.0 0.0306 10708.2643
399.0 305.0 0.0247 10725.8922
426.0 311.0 0.0049 10785.4400
455.0 310.0 0.0047 10785.8087
484.0 308.0 0.0048 10785.7107
16.0 335.0 0.0051 10784.5650
46.0 338.0 0.0049 10785.2914
72.0 337.0 0.0139 10758.2743
101.0 340.0 0.0324 10702.9452
131.0 336.0 0.0226 10732.1767
160.0 337.0 0.0393 10682.0185
193.0 337.0 0.0476 10657.2875
222.0 338.0 0.0352 10694.5278
251.0 337.0 0.0931 10520.7098
278.0 340.0 0.0404 10678.7765
311.0 341.0 0.0415 10675.4832
339.0 337.0 0.0053 10784.1888
365.0 339.0 0.0217 10734.7763
398.0 340.0 0.0386 10684.3355
429.0 340.0 0.0141 10757.6576
455.0 336.0 0.0051 10784.6280
487.0 340.0 0.0048 10785.6331
17.0 365.0 0.0051 10784.6814
44.0 368.0 0.0048 10785.6478
72.0 370.0 0.0051 10784.7263
104.0 366.0 0.0132 10760.3984
134.0 366.0 0.0218 10734.4700
164.0 368.0 0.0296 10711.1338
189.0 367.0 0.0307 10707.9221
217.0 366.0 0.0225 10732.5344
247.0 365.0 0.0056 10783.1202
277.0 367.0 0.0114 10765.7343
306.0 367.0 0.0312 10706.4923
339.0 367.0 0.0307 10707.9685
365.0 366.0 0.0204 10738.6702
394.0 367.0 0.0143 10757.0058
425.0 367.0 0.0128 10761.5811
453.0 365.0 0.0049 10785.4438
484.0 366.0 0.0050 10784.9131
14.0 397.0 0.0050 10785.0689
45.0 394.0 0.0046 10786.3397
73.0 398.0 0.0142 10757.3112
101.0 399.0 0.0313 10705.9981
132.0 398.0 0.0228 10731.5269
162.0 394.0 0.0143 10757.0170
191.0 397.0 0.0137 10758.8440
222.0 396.0 0.0149 10755.1799
247.0 398.0 0.0260 10721.8915
280.0 399.0 0.0250 10724.9565
306.0 397.0 0.0128 10761.4505
340.0 397.0 0.0221 10733.7164
368.0 396.0 0.0126 10762.0698
395.0 398.0 0.0146 10756.3387
429.0 396.0 0.0145 10756.5276
456.0 398.0 0.0043 10786.9585
482.0 397.0 0.0048 10785.6688
16.0 426.0 0.0053 10784.1834
43.0 429.0 0.0049 10785.2288
76.0 425.0 0.0130 10761.1048
101.0 424.0 0.0136 10759.1543
134.0 425.0 0.0130 10761.0042
162.0 427.0 0.0048 10785.6229
193.0 426.0 0.0153 10754.0856
221.0 427.0 0.0144 10756.6574
247.0 426.0 0.0141 10757.7077
280.0 424.0 0.0047 10785.9622
308.0 428.0 0.0150 10754.9203
336.0 429.0 0.0158 10752.7116
365.0 425.0 0.0132 10760.5363
399.0 428.0 0.0138 10758.6353
427.0 428.0 0.0128 10761.5724
456.0 428.0 0.0054 10783.8665
485.0 423.0 0.0045 10786.4801
15.0 453.0 0.0046 10786.1965
44.0 457.0 0.0047 10785.9715
75.0 457.0 0.0045 10786.4870
101.0 456.0 0.0050 10784.9220
133.0 457.0 0.0048 10785.4996
163.0 454.0 0.0051 10784.6773
193.0 453.0 0.0049 10785.3042
221.0 455.0 0.0050 10785.1223
250.0 455.0 0.0033 10790.0243
282.0 455.0 0.0049 10785.2009
306.0 453.0 0.0052 10784.4306
339.0 457.0 0.0052 10784.3060
366.0 458.0 0.0047 10785.9048
396.0 454.0 0.0042 10787.4765
427.0 454.0 0.0047 10785.7860
453.0 453.0 0.0046 10786.1510
488.0 456.0 0.0054 10783.8115
12.0 487.0 0.0050 10785.0625
47.0 487.0 0.0050 10785.1200
72.0 483.0 0.0047 10785.9852
103.0 482.0 0.0055 10783.5374
131.0 486.0 0.0053 10784.1215
162.0 487.0 0.0048 10785.5994
193.0 487.0 0.0045 10786.4545
219.0 484.0 0.0053 10784.1104
247.0 483.0 0.0051 10784.8410
276.0 483.0 0.0055 10783.4199
306.0 485.0 0.0059 10782.3807
335.0 486.0 0.0058 10782.5654
368.0 485.0 0.0051 10784.7385
395.0 486.0 0.0055 10783.6249
423.0 488.0 0.0047 10786.0390
454.0 485.0 0.0043 10787.1476
483.0 484.0 0.0041 10787.6910
470.0 375.0 0.0045 10786.3548
98.0 243.0 0.0120 10763.9716
312.0 477.0 0.0050 10785.0829
42.0 213.0 0.0045 10786.4874
357.0 236.0 0.0293 10712.1702
23.0 347.0 0.0053 10783.9502
328.0 340.0 0.0394 10681.8178
38.0 454.0 0.0047 10786.0390
243.0 24.0 0.0054 10783.8735
57.0 278.0 0.0041 10787.7139
246.0 110.0 0.0308 10707.5474
