0.0 13.0 0.0042 10787.2939
44.0 2.0 0.0052 10784.2978
72.0 3.0 0.0051 10784.6268
95.0 4.0 0.0052 10784.4301
143.0 13.0 0.0045 10786.4727
164.0 30.0 0.0040 10788.0748
177.0 27.0 0.0044 10786.8197
220.0 28.0 0.0050 10785.0799
255.0 0.0 0.0042 10787.3003
287.0 12.0 0.0043 10787.1415
319.0 20.0 0.0050 10784.9474
346.0 2.0 0.0051 10784.6480
357.0 3.0 0.0049 10785.1648
407.0 0.0 0.0052 10784.3152
421.0 10.0 0.0036 10789.1220
453.0 6.0 0.0050 10784.9392
472.0 25.0 0.0045 10786.4790
1.0 49.0 0.0041 10787.6120
36.0 30.0 0.0038 10788.6205
79.0 44.0 0.0045 10786.4127
100.0 45.0 0.0050 10785.0256
130.0 28.0 0.0042 10787.3600
159.0 48.0 0.0051 10784.6316
206.0 47.0 0.0042 10787.3278
220.0 41.0 0.0046 10786.2070
244.0 57.0 0.0037 10788.8065
279.0 58.0 0.0127 10761.8232
313.0 35.0 0.0047 10785.7636
334.0 58.0 0.0052 10784.4752
382.0 39.0 0.0043 10786.9679
392.0 41.0 0.0130 10760.9754
414.0 57.0 0.0045 10786.4392
457.0 47.0 0.0050 10785.1474
493.0 51.0 0.0047 10786.0045
25.0 70.0 0.0045 10786.4927
52.0 71.0 0.0135 10759.4001
81.0 62.0 0.0049 10785.1668
94.0 64.0 0.0051 10784.5517
137.0 83.0 0.0127 10761.8200
168.0 60.0 0.0047 10785.8065
177.0 76.0 0.0052 10784.4869
232.0 70.0 0.0028 10791.6114
262.0 70.0 0.0047 10785.8632
274.0 73.0 0.0126 10762.2247
293.0 85.0 0.0049 10785.4269
344.0 61.0 0.0143 10757.0280
369.0 87.0 0.0143 10757.0562
386.0 65.0 0.0179 10746.4236
438.0 73.0 0.0048 10785.5482
442.0 84.0 0.0052 10784.4609
496.0 79.0 0.0037 10788.7823
16.0 105.0 0.0044 10786.9423
33.0 88.0 0.0051 10784.7149
62.0 92.0 0.0135 10759.4702
118.0 96.0 0.0043 10787.1225
125.0 113.0 0.0306 10708.2090
166.0 95.0 0.0226 10732.1793
186.0 99.0 0.0213 10735.9726
206.0 117.0 0.0048 10785.6130
257.0 110.0 0.0128 10761.6268
276.0 88.0 0.0230 10730.8516
304.0 115.0 0.0132 10760.5243
346.0 109.0 0.0610 10616.9880
371.0 113.0 0.0041 10787.6150
381.0 102.0 0.0050 10784.9314
439.0 110.0 0.0127 10761.7744
472.0 113.0 0.0051 10784.6521
493.0 87.0 0.0051 10784.8208
26.0 132.0 0.0039 10788.3822
35.0 142.0 0.0051 10784.6325
67.0 139.0 0.0132 10760.3276
115.0 117.0 0.0055 10783.4522
143.0 122.0 0.0386 10684.2942
154.0 129.0 0.0317 10704.9975
204.0 121.0 0.0129 10761.1839
218.0 124.0 0.0146 10756.0794
237.0 121.0 0.0584 10624.7002
272.0 117.0 0.0045 10786.3835
299.0 146.0 0.0313 10706.1404
332.0 144.0 0.0328 10701.6224
369.0 127.0 0.0222 10733.4761
389.0 138.0 0.0050 10785.0307
440.0 124.0 0.0194 10741.8430
448.0 130.0 0.0034 10789.6618
489.0 136.0 0.0055 10783.5964
1.0 173.0 0.0044 10786.8944
44.0 153.0 0.0051 10784.7170
81.0 177.0 0.0213 10736.0376
86.0 157.0 0.0226 10732.2149
143.0 151.0 0.0282 10715.5374
163.0 156.0 0.0314 10705.8378
193.0 160.0 0.0132 10760.3423
213.0 170.0 0.1025 10492.5093
256.0 170.0 0.0307 10707.8496
287.0 177.0 0.0047 10785.8220
302.0 171.0 0.1078 10476.6183
338.0 177.0 0.0213 10736.0899
356.0 174.0 0.0419 10674.2093
405.0 166.0 0.0225 10732.4026
418.0 166.0 0.0056 10783.1906
444.0 158.0 0.0143 10756.9509
486.0 166.0 0.0050 10784.9018
3.0 176.0 0.0051 10784.5850
49.0 181.0 0.0050 10785.1098
66.0 178.0 0.0049 10785.2035
117.0 204.0 0.0286 10714.2778
117.0 175.0 0.0128 10761.5203
170.0 206.0 0.0045 10786.4136
178.0 178.0 0.0475 10657.6472
235.0 190.0 0.0493 10652.1262
257.0 180.0 0.0196 10741.0607
291.0 184.0 0.0041 10787.8152
311.0 201.0 0.0042 10787.3209
346.0 178.0 0.0048 10785.7294
378.0 194.0 0.0044 10786.7601
400.0 178.0 0.0581 10625.6456
440.0 186.0 0.0049 10785.3223
445.0 189.0 0.0053 10784.0243
498.0 204.0 0.0049 10785.1989
18.0 221.0 0.0034 10789.6696
31.0 207.0 0.0049 10785.3964
79.0 223.0 0.0220 10733.9583
114.0 230.0 0.0323 10702.9916
146.0 213.0 0.0136 10759.2069
149.0 221.0 0.0542 10637.4169
192.0 205.0 0.1174 10447.7709
226.0 213.0 0.0434 10669.8542
255.0 207.0 0.0628 10611.5369
287.0 231.0 0.1252 10424.2924
308.0 226.0 0.0499 10650.4021
336.0 206.0 0.1057 10482.8763
360.0 205.0 0.0224 10732.8570
391.0 209.0 0.0048 10785.6787
413.0 223.0 0.0212 10736.3632
465.0 223.0 0.0041 10787.8100
475.0 232.0 0.0049 10785.2423
27.0 252.0 0.0059 10782.3790
29.0 261.0 0.0054 10783.6879
77.0 238.0 0.0138 10758.6992
118.0 236.0 0.0126 10762.2504
121.0 243.0 0.0042 10787.3885
161.0 241.0 0.0600 10619.9157
193.0 259.0 0.1362 10391.4364
226.0 244.0 0.0939 10518.4446
259.0 260.0 0.0964 10510.6740
268.0 245.0 0.1613 10316.2143
293.0 241.0 0.0299 10710.2204
342.0 251.0 0.0397 10680.9873
361.0 235.0 0.0130 10761.0441
396.0 251.0 0.0203 10738.9740
416.0 243.0 0.0041 10787.7314
462.0 245.0 0.0048 10785.6887
496.0 241.0 0.0053 10784.0254
11.0 294.0 0.0051 10784.7598
29.0 290.0 0.0049 10785.3090
64.0 279.0 0.0046 10786.1934
110.0 285.0 0.0421 10673.7935
145.0 269.0 0.0235 10729.3986
163.0 270.0 0.0334 10699.7236
193.0 278.0 0.1483 10355.0119
233.0 263.0 0.1295 10411.6375
260.0 271.0 0.0022 10793.3508
286.0 277.0 0.1202 10439.3710
310.0 294.0 0.0692 10592.2777
329.0 274.0 0.0924 10522.9430
378.0 263.0 0.0325 10702.4839
400.0 265.0 0.0040 10788.1370
413.0 285.0 0.0397 10680.8964
456.0 289.0 0.0050 10785.0413
500.0 271.0 0.0048 10785.5183
28.0 312.0 0.0049 10785.1560
53.0 319.0 0.0049 10785.4364
61.0 301.0 0.0057 10782.9521
103.0 307.0 0.0119 10764.3140
137.0 319.0 0.0132 10760.2700
162.0 306.0 0.1415 10375.3632
205.0 320.0 0.0051 10784.5929
216.0 307.0 0.0656 10603.1551
251.0 322.0 0.0280 10715.9653
280.0 301.0 0.0924 10522.7164
306.0 321.0 0.0041 10787.5835
342.0 294.0 0.0862 10541.3494
373.0 293.0 0.0140 10758.1389
383.0 297.0 0.0129 10761.3909
413.0 294.0 0.0050 10785.0030
462.0 295.0 0.0051 10784.5706
485.0 301.0 0.0041 10787.8061
1.0 353.0 0.0053 10784.1580
43.0 324.0 0.0042 10787.3165
67.0 339.0 0.0053 10784.1905
101.0 330.0 0.0050 10784.9676
138.0 344.0 0.0320 10703.9179
161.0 347.0 0.0046 10786.0658
178.0 353.0 0.1123 10463.1608
213.0 326.0 0.0047 10785.9604
242.0 327.0 0.0287 10713.9723
287.0 329.0 0.0405 10678.4306
298.0 324.0 0.0051 10784.8149
329.0 350.0 0.0403 10679.1823
370.0 346.0 0.0460 10662.1364
392.0 353.0 0.0363 10691.0365
433.0 337.0 0.0039 10788.2840
463.0 340.0 0.0044 10786.7385
480.0 329.0 0.0042 10787.5239
10.0 383.0 0.0049 10785.3735
42.0 361.0 0.0046 10786.1752
88.0 351.0 0.0326 10702.3251
100.0 360.0 0.0141 10757.6496
128.0 374.0 0.0295 10711.4518
162.0 378.0 0.0050 10785.0227
176.0 374.0 0.0040 10787.9352
228.0 382.0 0.0121 10763.7359
260.0 382.0 0.0144 10756.7257
280.0 365.0 0.0889 10533.1502
318.0 365.0 0.0291 10712.7929
349.0 358.0 0.0047 10786.0188
382.0 374.0 0.0322 10703.2754
409.0 361.0 0.0127 10761.9330
442.0 383.0 0.0223 10733.1195
441.0 355.0 0.0049 10785.1758
489.0 360.0 0.0043 10787.2309
22.0 385.0 0.0049 10785.3872
50.0 412.0 0.0137 10759.0137
66.0 389.0 0.0231 10730.7467
108.0 396.0 0.0130 10761.0083
132.0 395.0 0.0107 10767.9494
152.0 393.0 0.0434 10669.7718
205.0 408.0 0.0233 10730.0112
227.0 393.0 0.0332 10700.3244
257.0 405.0 0.0227 10731.8131
285.0 390.0 0.0144 10756.8592
298.0 410.0 0.0142 10757.5015
337.0 386.0 0.0117 10764.8692
353.0 404.0 0.0043 10786.9650
393.0 401.0 0.0134 10759.8804
434.0 394.0 0.0042 10787.5056
465.0 389.0 0.0043 10787.0730
472.0 389.0 0.0055 10783.5412
6.0 439.0 0.0044 10786.7244
35.0 435.0 0.0046 10786.2066
63.0 428.0 0.0048 10785.4794
111.0 412.0 0.0142 10757.4803
139.0 420.0 0.0215 10735.5313
162.0 425.0 0.0043 10787.2214
187.0 413.0 0.0036 10789.2008
213.0 426.0 0.0046 10786.1814
245.0 417.0 0.0035 10789.6424
282.0 434.0 0.0038 10788.6335
323.0 432.0 0.0048 10785.5781
338.0 428.0 0.0150 10755.1088
358.0 441.0 0.0136 10759.2746
383.0 430.0 0.0146 10756.1790
433.0 417.0 0.0118 10764.7182
459.0 417.0 0.0055 10783.4818
493.0 440.0 0.0042 10787.5008
3.0 441.0 0.0047 10785.8523
45.0 470.0 0.0051 10784.6007
61.0 445.0 0.0048 10785.5528
92.0 459.0 0.0053 10784.1255
130.0 467.0 0.0132 10760.4746
152.0 439.0 0.0055 10783.3505
183.0 470.0 0.0051 10784.5588
209.0 468.0 0.0048 10785.5365
262.0 456.0 0.0042 10787.3402
285.0 440.0 0.0041 10787.7312
323.0 453.0 0.0054 10783.8649
330.0 461.0 0.0047 10786.0034
362.0 448.0 0.0036 10789.1675
412.0 457.0 0.0131 10760.8319
429.0 457.0 0.0038 10788.6816
467.0 455.0 0.0051 10784.5799
479.0 457.0 0.0053 10784.1277
8.0 479.0 0.0042 10787.2616
49.0 479.0 0.0049 10785.3453
77.0 475.0 0.0045 10786.3744
103.0 500.0 0.0053 10784.0492
120.0 472.0 0.0052 10784.3499
170.0 485.0 0.0048 10785.5124
186.0 476.0 0.0039 10788.3775
207.0 475.0 0.0050 10784.9662
244.0 475.0 0.0050 10785.1039
271.0 487.0 0.0049 10785.3146
296.0 480.0 0.0053 10784.1130
344.0 485.0 0.0056 10783.1172
378.0 477.0 0.0058 10782.6366
401.0 487.0 0.0058 10782.6198
418.0 489.0 0.0041 10787.6567
444.0 499.0 0.0045 10786.4967
489.0 490.0 0.0044 10786.8763
30.0 213.0 0.0049 10785.2354
92.0 77.0 0.0236 10729.1418
147.0 298.0 0.0108 10767.5167
140.0 53.0 0.0128 10761.6455
75.0 230.0 0.0044 10786.7320
129.0 245.0 0.0037 10788.8124
443.0 397.0 0.0050 10785.0859
104.0 272.0 0.0052 10784.2764
304.0 426.0 0.0123 10763.0594
353.0 348.0 0.0234 10729.9337
7.0 388.0 0.0051 10784.6643
