16.0 10.0 0.0047 10785.8509
40.0 10.0 0.0040 10787.9978
77.0 14.0 0.0049 10785.2443
103.0 13.0 0.0048 10785.7130
130.0 12.0 0.0045 10786.5224
160.0 11.0 0.0050 10784.9146
189.0 16.0 0.0051 10784.7859
223.0 17.0 0.0046 10786.3137
252.0 10.0 0.0051 10784.7384
275.0 14.0 0.0051 10784.6712
311.0 16.0 0.0058 10782.6629
340.0 15.0 0.0051 10784.5714
363.0 17.0 0.0045 10786.4136
400.0 11.0 0.0054 10783.6748
425.0 10.0 0.0048 10785.5940
452.0 18.0 0.0043 10787.0530
482.0 16.0 0.0045 10786.3932
14.0 43.0 0.0047 10785.9805
40.0 44.0 0.0044 10786.7065
75.0 42.0 0.0047 10786.0409
107.0 40.0 0.0044 10786.8212
129.0 40.0 0.0037 10788.7933
162.0 46.0 0.0055 10783.6333
194.0 42.0 0.0036 10789.3399
220.0 40.0 0.0052 10784.4753
253.0 43.0 0.0051 10784.8163
277.0 41.0 0.0047 10785.9232
306.0 40.0 0.0049 10785.3122
336.0 41.0 0.0049 10785.1651
367.0 42.0 0.0045 10786.4778
396.0 47.0 0.0049 10785.4176
430.0 44.0 0.0044 10786.6977
451.0 42.0 0.0054 10783.8234
485.0 45.0 0.0047 10785.8706
12.0 77.0 0.0046 10786.1036
39.0 71.0 0.0041 10787.6457
75.0 72.0 0.0219 10734.3432
104.0 76.0 0.0047 10785.8808
131.0 75.0 0.0155 10753.4940
159.0 77.0 0.0130 10760.9914
188.0 74.0 0.0143 10757.2496
220.0 76.0 0.0138 10758.6668
246.0 76.0 0.0143 10757.2332
278.0 77.0 0.0148 10755.5785
305.0 70.0 0.0145 10756.4700
335.0 72.0 0.0141 10757.7226
370.0 75.0 0.0138 10758.7016
398.0 77.0 0.0136 10759.1395
423.0 73.0 0.0123 10763.2265
458.0 76.0 0.0052 10784.2631
488.0 77.0 0.0044 10786.7995
17.0 107.0 0.0039 10788.3201
43.0 100.0 0.0049 10785.3095
73.0 102.0 0.0128 10761.6966
101.0 102.0 0.0223 10733.2038
134.0 103.0 0.0128 10761.6865
158.0 101.0 0.0222 10733.4366
192.0 106.0 0.0144 10756.6902
224.0 103.0 0.0309 10707.3219
247.0 98.0 0.0264 10720.8281
276.0 98.0 0.0208 10737.6473
311.0 101.0 0.0138 10758.6557
334.0 106.0 0.0045 10786.3839
368.0 101.0 0.0133 10760.1426
394.0 105.0 0.0140 10757.8724
426.0 100.0 0.0131 10760.6756
453.0 103.0 0.0052 10784.3189
487.0 101.0 0.0051 10784.6707
10.0 129.0 0.0051 10784.7076
43.0 130.0 0.0050 10785.0680
73.0 133.0 0.0136 10759.1904
105.0 136.0 0.0050 10784.9962
133.0 132.0 0.0284 10714.7340
162.0 135.0 0.0222 10733.3470
188.0 135.0 0.0054 10783.9139
220.0 129.0 0.0269 10719.2314
250.0 129.0 0.0112 10766.3188
281.0 134.0 0.0230 10731.0837
305.0 132.0 0.0230 10730.9727
335.0 135.0 0.0217 10734.9312
370.0 129.0 0.0422 10673.3749
395.0 134.0 0.0216 10735.2055
422.0 128.0 0.0122 10763.4137
452.0 129.0 0.0045 10786.4166
481.0 134.0 0.0053 10784.0202
15.0 161.0 0.0049 10785.3009
45.0 163.0 0.0047 10785.8004
74.0 162.0 0.0122 10763.4984
103.0 159.0 0.0233 10729.9946
130.0 159.0 0.0313 10706.1954
163.0 159.0 0.0482 10655.4535
191.0 163.0 0.0213 10735.9517
222.0 157.0 0.0436 10669.1938
246.0 161.0 0.1439 10368.3534
280.0 162.0 0.0121 10763.5626
304.0 159.0 0.0402 10679.4273
334.0 158.0 0.0230 10730.9136
370.0 159.0 0.0339 10698.3600
398.0 164.0 0.0227 10731.7930
426.0 163.0 0.0138 10758.6352
457.0 161.0 0.0046 10786.2200
487.0 164.0 0.0053 10784.1596
15.0 193.0 0.0051 10784.6162
44.0 193.0 0.0049 10785.2055
70.0 195.0 0.0144 10756.9438
106.0 190.0 0.0133 10760.2424
132.0 194.0 0.0326 10702.3250
160.0 195.0 0.0302 10709.4798
188.0 187.0 0.0840 10547.8830
219.0 189.0 0.0763 10571.1590
246.0 191.0 0.0474 10657.7170
276.0 192.0 0.0256 10723.2275
308.0 193.0 0.1065 10480.6346
339.0 190.0 0.0411 10676.6750
370.0 189.0 0.0278 10716.6428
398.0 193.0 0.0154 10753.6732
428.0 194.0 0.0055 10783.5395
456.0 194.0 0.0053 10784.1011
489.0 195.0 0.0038 10788.4787
13.0 222.0 0.0051 10784.7898
47.0 223.0 0.0049 10785.3800
72.0 217.0 0.0039 10788.1634
101.0 217.0 0.0197 10741.0482
133.0 217.0 0.0304 10708.9242
164.0 216.0 0.0051 10784.7288
191.0 222.0 0.0336 10699.1842
218.0 219.0 0.1034 10489.8138
248.0 224.0 0.1336 10399.0515
280.0 216.0 0.0948 10515.5267
307.0 224.0 0.0336 10699.2057
335.0 217.0 0.0332 10700.3052
364.0 217.0 0.0327 10702.0339
399.0 219.0 0.0036 10789.1044
423.0 216.0 0.0138 10758.6271
455.0 221.0 0.0051 10784.5612
482.0 219.0 0.0054 10783.7541
17.0 249.0 0.0054 10783.9280
45.0 250.0 0.0037 10788.8918
70.0 254.0 0.0048 10785.5124
102.0 254.0 0.0339 10698.3622
135.0 248.0 0.0139 10758.3272
161.0 251.0 0.0884 10534.9479
188.0 246.0 0.0352 10694.4017
221.0 247.0 0.0852 10544.2716
250.0 252.0 0.0019 10794.2754
278.0 249.0 0.2019 10194.2971
307.0 254.0 0.0481 10655.5944
340.0 247.0 0.0554 10633.9025
371.0 252.0 0.0185 10744.4476
396.0 246.0 0.0156 10753.0601
430.0 248.0 0.0041 10787.6092
456.0 253.0 0.0047 10785.8667
485.0 249.0 0.0057 10782.7671
14.0 275.0 0.0054 10783.8862
42.0 281.0 0.0056 10783.3071
76.0 277.0 0.0231 10730.5664
103.0 280.0 0.0224 10732.8715
131.0 283.0 0.0428 10671.4811
163.0 279.0 0.0197 10740.8244
187.0 275.0 0.0038 10788.6023
220.0 279.0 0.1102 10469.2990
246.0 279.0 0.1568 10329.6935
275.0 275.0 0.0622 10613.3000
304.0 276.0 0.0033 10790.1020
340.0 280.0 0.0259 10722.2908
363.0 282.0 0.0408 10677.4847
397.0 276.0 0.0107 10767.8130
425.0 275.0 0.0149 10755.1866
451.0 282.0 0.0054 10783.7234
485.0 275.0 0.0048 10785.5638
16.0 305.0 0.0049 10785.1942
43.0 312.0 0.0048 10785.6912
74.0 306.0 0.0051 10784.7612
102.0 310.0 0.0222 10733.3760
135.0 308.0 0.0051 10784.5504
158.0 306.0 0.0145 10756.4342
195.0 312.0 0.0577 10626.8585
224.0 311.0 0.0510 10647.0007
253.0 308.0 0.0466 10660.3004
278.0 309.0 0.0338 10698.6642
304.0 307.0 0.0797 10560.7664
342.0 312.0 0.0716 10585.1498
365.0 308.0 0.0305 10708.4239
393.0 310.0 0.0152 10754.2643
427.0 308.0 0.0132 10760.3519
455.0 308.0 0.0052 10784.5225
485.0 309.0 0.0038 10788.6050
17.0 342.0 0.0053 10783.9732
39.0 338.0 0.0048 10785.6461
72.0 341.0 0.0225 10732.4663
105.0 336.0 0.0136 10759.2578
135.0 339.0 0.0332 10700.4548
163.0 338.0 0.0392 10682.3662
188.0 334.0 0.0387 10683.8493
218.0 340.0 0.0450 10665.1165
245.0 342.0 0.0647 10605.9322
281.0 337.0 0.0215 10735.4469
304.0 334.0 0.0328 10701.5860
342.0 341.0 0.0403 10679.1188
371.0 342.0 0.0296 10711.0985
398.0 341.0 0.0206 10738.1762
429.0 342.0 0.0049 10785.2897
457.0 336.0 0.0052 10784.3357
483.0 338.0 0.0045 10786.6405
10.0 371.0 0.0039 10788.2292
43.0 365.0 0.0046 10786.3309
70.0 371.0 0.0044 10786.9223
103.0 363.0 0.0149 10755.3075
128.0 366.0 0.0229 10731.1688
163.0 366.0 0.0304 10708.9398
191.0 364.0 0.0148 10755.6133
218.0 366.0 0.0237 10729.0319
249.0 368.0 0.0331 10700.7204
282.0 363.0 0.0344 10696.8481
312.0 367.0 0.0225 10732.6333
339.0 371.0 0.0227 10731.9538
371.0 363.0 0.0213 10736.1020
398.0 368.0 0.0219 10734.2645
429.0 370.0 0.0139 10758.2355
459.0 367.0 0.0053 10784.0673
487.0 364.0 0.0044 10786.8557
16.0 394.0 0.0046 10786.3406
44.0 400.0 0.0053 10784.0016
71.0 393.0 0.0141 10757.8020
102.0 398.0 0.0312 10706.3742
135.0 398.0 0.0130 10760.9556
159.0 397.0 0.0230 10731.1306
189.0 399.0 0.0228 10731.5679
222.0 395.0 0.0146 10756.0993
253.0 394.0 0.0224 10732.7211
280.0 398.0 0.0054 10783.8337
304.0 400.0 0.0225 10732.3642
339.0 393.0 0.0119 10764.1600
363.0 396.0 0.0230 10730.8979
396.0 397.0 0.0130 10761.0942
427.0 399.0 0.0137 10758.8661
455.0 397.0 0.0042 10787.3399
484.0 397.0 0.0057 10783.0238
16.0 424.0 0.0054 10783.8894
40.0 424.0 0.0049 10785.2288
76.0 425.0 0.0125 10762.6413
107.0 424.0 0.0131 10760.5700
129.0 424.0 0.0053 10784.2210
164.0 422.0 0.0133 10760.0310
188.0 424.0 0.0154 10753.9036
216.0 425.0 0.0051 10784.7296
251.0 427.0 0.0047 10785.7772
279.0 423.0 0.0243 10727.1316
306.0 430.0 0.0043 10787.1973
335.0 427.0 0.0146 10756.1823
363.0 423.0 0.0134 10759.7760
395.0 428.0 0.0130 10760.9117
422.0 427.0 0.0121 10763.7209
452.0 424.0 0.0047 10785.8092
483.0 428.0 0.0043 10787.0054
15.0 451.0 0.0046 10786.0620
41.0 455.0 0.0048 10785.5402
76.0 455.0 0.0045 10786.4870
106.0 455.0 0.0045 10786.5924
136.0 458.0 0.0046 10786.3165
163.0 456.0 0.0056 10783.2778
190.0 458.0 0.0053 10784.0684
222.0 451.0 0.0047 10785.7669
253.0 451.0 0.0048 10785.6188
275.0 453.0 0.0050 10784.8911
305.0 455.0 0.0054 10783.8039
334.0 452.0 0.0049 10785.2382
366.0 459.0 0.0047 10785.9002
401.0 452.0 0.0045 10786.4425
424.0 454.0 0.0048 10785.4980
460.0 458.0 0.0052 10784.2604
488.0 451.0 0.0051 10784.6905
17.0 482.0 0.0044 10786.7216
43.0 486.0 0.0055 10783.4790
72.0 482.0 0.0051 10784.8134
98.0 481.0 0.0054 10783.6916
133.0 484.0 0.0049 10785.1665
161.0 486.0 0.0052 10784.3076
189.0 483.0 0.0047 10785.9668
224.0 483.0 0.0053 10784.1229
249.0 480.0 0.0051 10784.6091
281.0 488.0 0.0038 10788.6299
312.0 488.0 0.0056 10783.0935
336.0 485.0 0.0053 10784.0372
364.0 483.0 0.0054 10783.8098
396.0 487.0 0.0057 10782.7999
426.0 485.0 0.0049 10785.3569
456.0 481.0 0.0044 10786.8558
488.0 486.0 0.0047 10785.8210
397.0 379.0 0.0147 10755.8551
431.0 171.0 0.0049 10785.3313
159.0 37.0 0.0045 10786.6328
10.0 265.0 0.0034 10789.8160
188.0 269.0 0.0568 10629.5353
285.0 280.0 0.0644 10606.6770
479.0 123.0 0.0046 10786.2156
147.0 289.0 0.0136 10759.2426
379.0 280.0 0.0047 10785.8820
429.0 342.0 0.0048 10785.7130
464.0 404.0 0.0041 10787.6011
