9.0 18.0 0.0050 10785.1219
44.0 17.0 0.0051 10784.7375
73.0 19.0 0.0054 10783.8714
100.0 13.0 0.0049 10785.3194
134.0 19.0 0.0045 10786.5489
160.0 16.0 0.0046 10786.1565
190.0 10.0 0.0042 10787.4887
219.0 10.0 0.0038 10788.4632
255.0 12.0 0.0051 10784.7959
284.0 12.0 0.0039 10788.3546
303.0 15.0 0.0058 10782.6954
332.0 12.0 0.0046 10786.2835
372.0 13.0 0.0043 10787.0265
396.0 10.0 0.0054 10783.7157
431.0 12.0 0.0037 10788.8974
456.0 20.0 0.0047 10785.7841
484.0 11.0 0.0047 10785.8271
16.0 43.0 0.0046 10786.2454
44.0 47.0 0.0045 10786.5778
76.0 38.0 0.0040 10788.0280
97.0 48.0 0.0046 10786.2345
130.0 39.0 0.0052 10784.3646
164.0 45.0 0.0051 10784.7573
196.0 49.0 0.0045 10786.5522
224.0 38.0 0.0052 10784.2578
245.0 40.0 0.0044 10786.7992
283.0 42.0 0.0037 10788.8514
312.0 41.0 0.0043 10787.2069
340.0 46.0 0.0051 10784.7231
372.0 40.0 0.0049 10785.3126
402.0 42.0 0.0053 10784.1662
420.0 49.0 0.0046 10786.2060
451.0 47.0 0.0049 10785.3460
488.0 39.0 0.0051 10784.8403
14.0 67.0 0.0051 10784.7440
47.0 74.0 0.0048 10785.6398
74.0 78.0 0.0125 10762.3939
103.0 68.0 0.0044 10786.6961
138.0 78.0 0.0148 10755.6389
163.0 73.0 0.0131 10760.8168
187.0 79.0 0.0052 10784.3760
220.0 72.0 0.0121 10763.6347
254.0 75.0 0.0211 10736.7219
278.0 70.0 0.0118 10764.4654
310.0 68.0 0.0050 10785.1106
334.0 78.0 0.0143 10757.2062
362.0 72.0 0.0048 10785.7198
402.0 72.0 0.0146 10756.1180
421.0 68.0 0.0128 10761.6809
455.0 74.0 0.0050 10785.0325
481.0 75.0 0.0038 10788.5007
15.0 108.0 0.0046 10786.1552
43.0 99.0 0.0047 10785.8786
76.0 99.0 0.0220 10733.8880
105.0 106.0 0.0206 10738.2134
135.0 107.0 0.0041 10787.7889
162.0 99.0 0.0267 10719.9322
187.0 108.0 0.0134 10759.7341
220.0 103.0 0.0038 10788.5626
254.0 100.0 0.0119 10764.2585
281.0 107.0 0.0508 10647.7091
307.0 104.0 0.0132 10760.4450
337.0 104.0 0.0126 10762.1373
372.0 101.0 0.0049 10785.1551
393.0 99.0 0.0244 10726.8290
431.0 103.0 0.0219 10734.3036
461.0 101.0 0.0052 10784.3039
488.0 108.0 0.0044 10786.8667
18.0 128.0 0.0048 10785.4749
41.0 128.0 0.0050 10785.0098
72.0 134.0 0.0138 10758.6135
101.0 133.0 0.0238 10728.4860
128.0 135.0 0.0302 10709.4803
165.0 137.0 0.0049 10785.1915
187.0 127.0 0.0127 10762.0031
220.0 130.0 0.0317 10704.9847
252.0 134.0 0.0470 10658.9855
284.0 133.0 0.0051 10784.6643
309.0 132.0 0.0050 10785.1114
341.0 137.0 0.0221 10733.6397
365.0 127.0 0.0326 10702.1287
398.0 133.0 0.0221 10733.7919
431.0 129.0 0.0137 10758.8166
452.0 130.0 0.0045 10786.6103
481.0 133.0 0.0051 10784.7914
17.0 155.0 0.0046 10786.3468
39.0 159.0 0.0045 10786.5289
73.0 157.0 0.0051 10784.5821
100.0 157.0 0.0309 10707.1594
131.0 163.0 0.0304 10708.7978
162.0 162.0 0.0480 10656.1191
185.0 165.0 0.0796 10561.1890
226.0 165.0 0.0331 10700.7380
252.0 157.0 0.0392 10682.3084
285.0 160.0 0.0193 10742.0368
310.0 159.0 0.0324 10702.7260
337.0 166.0 0.0326 10702.3093
366.0 157.0 0.0291 10712.6517
402.0 165.0 0.0338 10698.6254
430.0 157.0 0.0150 10754.9927
458.0 166.0 0.0042 10787.5089
490.0 158.0 0.0052 10784.4744
16.0 187.0 0.0048 10785.6137
45.0 187.0 0.0049 10785.3766
69.0 191.0 0.0050 10785.1297
99.0 195.0 0.0046 10786.0576
132.0 196.0 0.0300 10709.9475
162.0 188.0 0.0046 10786.0844
192.0 191.0 0.0721 10583.8120
217.0 194.0 0.0286 10714.0576
250.0 194.0 0.0242 10727.4639
281.0 194.0 0.0796 10561.3276
307.0 195.0 0.0380 10685.9685
342.0 194.0 0.0411 10676.6605
370.0 195.0 0.0319 10704.3974
392.0 192.0 0.0128 10761.5781
430.0 187.0 0.0054 10783.9070
459.0 191.0 0.0056 10783.1175
489.0 189.0 0.0040 10788.0460
11.0 224.0 0.0049 10785.2474
44.0 223.0 0.0049 10785.4211
71.0 217.0 0.0039 10788.2040
97.0 216.0 0.0278 10716.6288
130.0 222.0 0.0196 10741.3106
162.0 217.0 0.0340 10697.8887
187.0 225.0 0.0345 10696.6305
225.0 216.0 0.0427 10671.9155
247.0 214.0 0.2226 10132.3424
280.0 225.0 0.0308 10707.6542
311.0 215.0 0.0737 10578.7533
336.0 224.0 0.0622 10613.3707
370.0 223.0 0.0290 10712.8990
399.0 220.0 0.0231 10730.7922
422.0 215.0 0.0134 10759.8423
454.0 226.0 0.0046 10786.0529
487.0 217.0 0.0054 10783.7004
15.0 253.0 0.0055 10783.3822
41.0 249.0 0.0041 10787.6003
73.0 248.0 0.0138 10758.5065
106.0 250.0 0.0147 10755.9454
131.0 253.0 0.0408 10677.5904
159.0 251.0 0.0682 10595.3277
190.0 254.0 0.0919 10524.2034
217.0 255.0 0.1384 10384.7278
246.0 253.0 0.0791 10562.6260
282.0 255.0 0.0541 10637.7730
303.0 252.0 0.0753 10574.2209
337.0 248.0 0.0139 10758.2854
367.0 253.0 0.0223 10733.0291
396.0 253.0 0.0125 10762.5102
426.0 255.0 0.0051 10784.5680
459.0 248.0 0.0041 10787.6158
481.0 248.0 0.0053 10783.9770
15.0 279.0 0.0050 10785.0550
46.0 278.0 0.0055 10783.5021
71.0 284.0 0.0052 10784.4008
100.0 274.0 0.0237 10728.8145
130.0 285.0 0.0036 10789.1387
160.0 281.0 0.0502 10649.5022
186.0 283.0 0.0766 10570.0637
224.0 282.0 0.0974 10507.8168
253.0 277.0 0.0958 10512.4744
279.0 279.0 0.1446 10366.2959
311.0 284.0 0.0268 10719.6088
332.0 275.0 0.0776 10567.2786
372.0 279.0 0.0132 10760.4676
391.0 281.0 0.0209 10737.3880
423.0 283.0 0.0058 10782.5474
460.0 274.0 0.0054 10783.6593
487.0 284.0 0.0049 10785.2059
12.0 314.0 0.0054 10783.9307
39.0 312.0 0.0051 10784.7188
74.0 306.0 0.0150 10754.8848
102.0 311.0 0.0052 10784.4114
126.0 303.0 0.0131 10760.8331
160.0 311.0 0.0222 10733.4177
194.0 309.0 0.0418 10674.4847
216.0 311.0 0.0676 10597.1279
251.0 304.0 0.0542 10637.4618
283.0 306.0 0.0872 10538.4081
312.0 305.0 0.0376 10687.0566
337.0 307.0 0.0419 10674.4059
362.0 305.0 0.0406 10678.1126
402.0 310.0 0.0463 10661.2250
428.0 307.0 0.0127 10761.7556
459.0 306.0 0.0039 10788.2751
481.0 308.0 0.0044 10786.8658
13.0 333.0 0.0056 10783.2561
40.0 333.0 0.0049 10785.1753
78.0 337.0 0.0048 10785.4672
102.0 341.0 0.0231 10730.7253
128.0 339.0 0.0388 10683.5260
157.0 335.0 0.0762 10571.4773
196.0 335.0 0.0455 10663.3968
223.0 336.0 0.0048 10785.6448
249.0 333.0 0.0656 10603.0926
274.0 338.0 0.0321 10703.6283
304.0 337.0 0.0315 10705.4558
336.0 343.0 0.0605 10618.6479
364.0 342.0 0.0237 10728.9055
399.0 343.0 0.0111 10766.5720
424.0 333.0 0.0036 10789.2937
460.0 340.0 0.0039 10788.3274
483.0 342.0 0.0046 10786.2572
12.0 369.0 0.0052 10784.3738
49.0 362.0 0.0047 10786.0172
72.0 363.0 0.0247 10725.9399
106.0 363.0 0.0046 10786.2790
129.0 363.0 0.0226 10732.1382
157.0 363.0 0.0207 10737.7657
193.0 371.0 0.0239 10728.2948
222.0 369.0 0.0422 10673.5024
254.0 368.0 0.0270 10718.8571
278.0 364.0 0.0758 10572.5725
314.0 371.0 0.0363 10691.0862
340.0 367.0 0.0220 10734.0244
364.0 366.0 0.0286 10714.3191
391.0 361.0 0.0044 10786.8716
423.0 365.0 0.0229 10731.3123
454.0 367.0 0.0046 10786.1554
489.0 364.0 0.0045 10786.5936
9.0 395.0 0.0042 10787.5287
40.0 399.0 0.0050 10784.9109
69.0 394.0 0.0136 10759.0690
104.0 402.0 0.0393 10681.9548
134.0 391.0 0.0131 10760.7822
164.0 393.0 0.0063 10780.9506
187.0 396.0 0.0238 10728.5454
220.0 392.0 0.0142 10757.4472
254.0 400.0 0.0194 10741.7907
279.0 399.0 0.0042 10787.4056
310.0 398.0 0.0243 10727.1242
336.0 401.0 0.0228 10731.5181
372.0 397.0 0.0282 10715.3242
392.0 395.0 0.0128 10761.6072
431.0 396.0 0.0145 10756.3814
459.0 400.0 0.0044 10786.8239
490.0 401.0 0.0047 10786.0226
15.0 424.0 0.0048 10785.6839
43.0 431.0 0.0037 10788.8698
68.0 427.0 0.0138 10758.5470
99.0 426.0 0.0138 10758.6208
135.0 431.0 0.0141 10757.7700
163.0 426.0 0.0231 10730.6221
194.0 429.0 0.0051 10784.6727
225.0 431.0 0.0138 10758.7124
251.0 426.0 0.0203 10739.0233
282.0 428.0 0.0035 10789.3936
310.0 424.0 0.0053 10783.9664
336.0 423.0 0.0044 10786.8284
366.0 428.0 0.0124 10762.6557
401.0 429.0 0.0140 10758.0419
421.0 422.0 0.0205 10738.6498
455.0 431.0 0.0057 10782.7766
485.0 430.0 0.0052 10784.4893
15.0 460.0 0.0050 10785.1263
42.0 456.0 0.0047 10785.7939
74.0 453.0 0.0048 10785.6645
101.0 461.0 0.0053 10784.0858
127.0 458.0 0.0050 10784.9179
166.0 459.0 0.0051 10784.6674
192.0 451.0 0.0050 10785.0532
221.0 451.0 0.0050 10785.0266
246.0 454.0 0.0050 10784.9483
275.0 451.0 0.0048 10785.5101
310.0 457.0 0.0052 10784.4105
339.0 454.0 0.0048 10785.4838
364.0 459.0 0.0044 10786.6873
398.0 453.0 0.0042 10787.2972
430.0 450.0 0.0045 10786.5924
450.0 459.0 0.0051 10784.8486
482.0 460.0 0.0052 10784.3260
13.0 490.0 0.0045 10786.4228
39.0 483.0 0.0049 10785.1651
68.0 483.0 0.0050 10785.0470
107.0 488.0 0.0050 10784.9531
127.0 490.0 0.0044 10786.7398
164.0 485.0 0.0046 10786.1287
187.0 482.0 0.0048 10785.5711
221.0 487.0 0.0040 10788.0700
252.0 487.0 0.0052 10784.4095
281.0 483.0 0.0052 10784.4546
305.0 490.0 0.0052 10784.2883
343.0 481.0 0.0058 10782.4779
362.0 486.0 0.0056 10783.1074
395.0 483.0 0.0061 10781.6220
431.0 483.0 0.0046 10786.1330
459.0 482.0 0.0042 10787.2628
489.0 479.0 0.0048 10785.7407
147.0 133.0 0.0122 10763.2711
383.0 373.0 0.0150 10754.8551
71.0 490.0 0.0052 10784.5051
306.0 134.0 0.0128 10761.5097
125.0 375.0 0.0128 10761.6913
468.0 498.0 0.0053 10784.0002
22.0 434.0 0.0048 10785.5058
56.0 269.0 0.0042 10787.3345
431.0 443.0 0.0053 10784.1348
139.0 399.0 0.0044 10786.6674
334.0 144.0 0.0040 10788.0003
