18.0 14.0 0.0044 10786.9254
43.0 11.0 0.0050 10784.8938
76.0 19.0 0.0049 10785.3800
106.0 21.0 0.0049 10785.3007
138.0 15.0 0.0046 10786.1238
162.0 8.0 0.0038 10788.7267
193.0 12.0 0.0053 10784.0014
216.0 14.0 0.0049 10785.4000
247.0 10.0 0.0052 10784.3309
284.0 13.0 0.0049 10785.3680
302.0 13.0 0.0055 10783.4006
345.0 16.0 0.0042 10787.3329
364.0 13.0 0.0052 10784.2703
396.0 7.0 0.0051 10784.7663
419.0 15.0 0.0044 10786.7347
460.0 16.0 0.0043 10787.1746
490.0 8.0 0.0052 10784.3913
13.0 43.0 0.0050 10785.0172
45.0 48.0 0.0043 10786.9573
79.0 49.0 0.0043 10787.0842
103.0 41.0 0.0050 10785.0679
129.0 37.0 0.0046 10786.1036
163.0 45.0 0.0051 10784.8132
190.0 51.0 0.0043 10786.9566
227.0 47.0 0.0050 10785.1037
248.0 48.0 0.0047 10785.7502
279.0 48.0 0.0049 10785.4496
308.0 40.0 0.0053 10784.2276
335.0 39.0 0.0045 10786.5761
367.0 38.0 0.0040 10788.0748
396.0 46.0 0.0044 10786.6853
426.0 38.0 0.0046 10786.1521
452.0 40.0 0.0050 10785.0335
485.0 44.0 0.0049 10785.3082
8.0 69.0 0.0041 10787.6647
45.0 73.0 0.0048 10785.4898
73.0 72.0 0.0131 10760.7746
108.0 74.0 0.0043 10787.1681
129.0 80.0 0.0151 10754.7193
165.0 71.0 0.0054 10783.8864
191.0 70.0 0.0142 10757.3570
222.0 76.0 0.0047 10785.9221
245.0 69.0 0.0049 10785.3685
279.0 66.0 0.0052 10784.3234
301.0 75.0 0.0222 10733.4412
337.0 69.0 0.0146 10756.2343
365.0 73.0 0.0139 10758.1901
401.0 69.0 0.0114 10765.7246
427.0 72.0 0.0140 10758.0072
453.0 66.0 0.0048 10785.5302
485.0 67.0 0.0036 10789.1532
17.0 99.0 0.0045 10786.4571
40.0 103.0 0.0050 10784.9885
70.0 110.0 0.0213 10735.9609
101.0 109.0 0.0129 10761.3554
138.0 102.0 0.0374 10687.7497
159.0 109.0 0.0133 10760.2264
185.0 98.0 0.0409 10677.1740
221.0 106.0 0.0053 10784.2426
243.0 99.0 0.0292 10712.4025
286.0 99.0 0.0202 10739.2931
304.0 108.0 0.0196 10741.2241
345.0 107.0 0.0606 10618.2736
361.0 96.0 0.0129 10761.2775
400.0 100.0 0.0144 10756.7381
425.0 102.0 0.0229 10731.3499
448.0 98.0 0.0051 10784.6521
490.0 105.0 0.0048 10785.4759
7.0 129.0 0.0049 10785.4055
37.0 126.0 0.0042 10787.3537
76.0 128.0 0.0048 10785.7469
99.0 133.0 0.0210 10737.1448
129.0 133.0 0.0211 10736.8071
157.0 132.0 0.0143 10757.0381
185.0 127.0 0.0152 10754.3297
226.0 125.0 0.0117 10764.9472
257.0 129.0 0.0349 10695.1895
273.0 126.0 0.0214 10735.7150
302.0 134.0 0.0218 10734.6489
338.0 137.0 0.0048 10785.5548
373.0 127.0 0.0053 10784.0658
392.0 139.0 0.0054 10783.7917
419.0 138.0 0.0137 10759.0086
462.0 135.0 0.0037 10788.8214
483.0 135.0 0.0049 10785.3953
18.0 166.0 0.0048 10785.7281
40.0 160.0 0.0042 10787.3363
73.0 167.0 0.0052 10784.5327
104.0 160.0 0.0306 10708.1342
132.0 163.0 0.0305 10708.3738
167.0 160.0 0.0505 10648.3851
186.0 167.0 0.0457 10662.9725
221.0 164.0 0.0104 10768.6883
246.0 156.0 0.0113 10766.0529
279.0 168.0 0.1576 10327.0628
304.0 157.0 0.0592 10622.3105
339.0 156.0 0.0395 10681.5012
364.0 167.0 0.0284 10714.8850
395.0 165.0 0.0229 10731.3605
426.0 158.0 0.0152 10754.5336
457.0 163.0 0.0038 10788.4778
490.0 161.0 0.0043 10787.2027
11.0 187.0 0.0049 10785.2993
36.0 190.0 0.0040 10788.0412
74.0 185.0 0.0132 10760.3713
109.0 194.0 0.0206 10738.0928
130.0 190.0 0.0137 10758.7906
158.0 184.0 0.0582 10625.3900
195.0 184.0 0.0918 10524.7022
218.0 191.0 0.0293 10712.2160
249.0 196.0 0.0958 10512.5461
274.0 198.0 0.0482 10655.5138
310.0 185.0 0.0423 10672.9972
343.0 192.0 0.0241 10727.5549
368.0 189.0 0.0049 10785.2039
390.0 195.0 0.0217 10734.8309
420.0 188.0 0.0240 10728.0040
460.0 197.0 0.0053 10784.0858
478.0 189.0 0.0050 10784.8664
12.0 226.0 0.0050 10785.1171
39.0 215.0 0.0042 10787.3168
71.0 215.0 0.0044 10786.9404
99.0 225.0 0.0122 10763.4270
136.0 224.0 0.0048 10785.4506
163.0 220.0 0.0387 10683.8833
198.0 216.0 0.0484 10654.9339
226.0 225.0 0.0415 10675.5123
245.0 222.0 0.1633 10309.9694
276.0 222.0 0.0026 10792.2738
310.0 223.0 0.0636 10609.2616
339.0 223.0 0.0431 10670.8263
368.0 222.0 0.0040 10787.9176
399.0 224.0 0.0052 10784.5255
423.0 222.0 0.0044 10786.7373
452.0 219.0 0.0051 10784.5612
478.0 225.0 0.0057 10783.0013
9.0 255.0 0.0041 10787.6410
47.0 246.0 0.0039 10788.2776
75.0 247.0 0.0195 10741.5066
108.0 247.0 0.0240 10728.1439
137.0 255.0 0.0491 10652.5902
166.0 247.0 0.0671 10598.6260
195.0 247.0 0.0394 10681.7152
219.0 245.0 0.1625 10312.4137
253.0 249.0 0.0321 10703.7282
273.0 245.0 0.0526 10642.1414
306.0 247.0 0.0704 10588.8252
338.0 252.0 0.0408 10677.7358
368.0 250.0 0.0418 10674.6203
392.0 250.0 0.0424 10672.8617
425.0 251.0 0.0049 10785.3685
452.0 247.0 0.0046 10786.0529
481.0 253.0 0.0057 10782.7671
17.0 274.0 0.0037 10788.9065
50.0 282.0 0.0053 10784.0612
66.0 284.0 0.0043 10787.1157
107.0 286.0 0.0206 10738.2169
137.0 283.0 0.0305 10708.4326
166.0 276.0 0.0053 10783.9585
183.0 275.0 0.0592 10622.4866
216.0 278.0 0.0708 10587.5159
253.0 284.0 0.1928 10221.5895
283.0 272.0 0.1359 10392.1532
309.0 282.0 0.0265 10720.5487
341.0 278.0 0.0371 10688.7306
371.0 274.0 0.0142 10757.4717
392.0 272.0 0.0150 10754.8994
425.0 276.0 0.0053 10784.1290
449.0 279.0 0.0053 10784.2247
479.0 273.0 0.0051 10784.7437
14.0 311.0 0.0053 10784.1597
44.0 312.0 0.0039 10788.3488
68.0 314.0 0.0045 10786.4474
103.0 303.0 0.0230 10730.9840
137.0 309.0 0.0047 10785.9921
165.0 305.0 0.0912 10526.4675
192.0 306.0 0.0313 10706.1940
219.0 311.0 0.0746 10576.1658
251.0 310.0 0.0790 10563.1139
285.0 304.0 0.0558 10632.7031
310.0 309.0 0.0913 10526.1618
345.0 305.0 0.0365 10690.4084
361.0 313.0 0.0228 10731.4781
401.0 315.0 0.0230 10731.1241
423.0 309.0 0.0217 10735.0017
451.0 306.0 0.0047 10785.7869
480.0 311.0 0.0044 10786.8518
21.0 336.0 0.0054 10783.7012
42.0 338.0 0.0046 10786.2578
79.0 342.0 0.0046 10786.1177
97.0 340.0 0.0296 10711.1708
134.0 345.0 0.0044 10786.8133
160.0 337.0 0.0390 10683.0451
191.0 337.0 0.0315 10705.5608
226.0 338.0 0.0643 10606.9871
256.0 343.0 0.0031 10790.6950
274.0 343.0 0.0340 10697.9339
302.0 339.0 0.0128 10761.7154
341.0 333.0 0.0394 10681.7751
372.0 341.0 0.0224 10732.6756
394.0 334.0 0.0231 10730.5893
422.0 345.0 0.0144 10756.8702
448.0 338.0 0.0052 10784.2601
480.0 331.0 0.0042 10787.4453
17.0 363.0 0.0048 10785.5898
40.0 373.0 0.0037 10788.9065
70.0 371.0 0.0056 10783.1702
101.0 364.0 0.0148 10755.5744
134.0 369.0 0.0229 10731.4332
159.0 367.0 0.0576 10627.3465
190.0 369.0 0.0138 10758.5721
222.0 364.0 0.0229 10731.4204
248.0 367.0 0.0315 10705.3942
280.0 365.0 0.0053 10784.1705
305.0 368.0 0.0223 10733.1389
342.0 371.0 0.0587 10623.8338
374.0 369.0 0.0214 10735.8522
394.0 369.0 0.0138 10758.4635
429.0 362.0 0.0130 10760.9187
455.0 362.0 0.0052 10784.4149
481.0 365.0 0.0043 10787.1200
18.0 394.0 0.0054 10783.9171
45.0 404.0 0.0049 10785.4152
74.0 391.0 0.0148 10755.5503
98.0 402.0 0.0330 10700.9831
133.0 395.0 0.0229 10731.3802
159.0 393.0 0.0150 10755.1432
195.0 392.0 0.0133 10760.0565
218.0 390.0 0.0415 10675.4576
243.0 401.0 0.0192 10742.5378
279.0 399.0 0.0047 10785.8412
314.0 398.0 0.0339 10698.3443
332.0 403.0 0.0233 10730.0360
372.0 398.0 0.0192 10742.3676
403.0 399.0 0.0117 10764.8379
432.0 392.0 0.0041 10787.7237
449.0 397.0 0.0143 10757.1907
483.0 389.0 0.0046 10786.1885
14.0 421.0 0.0050 10785.1493
49.0 428.0 0.0050 10784.9713
77.0 423.0 0.0124 10762.6879
101.0 429.0 0.0137 10758.9133
128.0 432.0 0.0055 10783.5977
158.0 427.0 0.0055 10783.5302
195.0 430.0 0.0049 10785.3482
225.0 423.0 0.0140 10757.9953
243.0 433.0 0.0036 10789.1180
284.0 430.0 0.0049 10785.2533
307.0 428.0 0.0056 10783.1993
343.0 431.0 0.0134 10759.9242
364.0 419.0 0.0055 10783.6231
403.0 431.0 0.0222 10733.3680
426.0 433.0 0.0122 10763.4976
450.0 419.0 0.0046 10786.3434
490.0 424.0 0.0048 10785.5251
15.0 458.0 0.0054 10783.9316
50.0 458.0 0.0042 10787.3885
79.0 459.0 0.0050 10784.9124
98.0 460.0 0.0047 10786.0104
135.0 448.0 0.0049 10785.2900
158.0 457.0 0.0056 10783.3064
196.0 449.0 0.0052 10784.4714
219.0 458.0 0.0036 10789.1430
249.0 462.0 0.0045 10786.5368
273.0 453.0 0.0051 10784.6050
312.0 458.0 0.0036 10789.1934
342.0 458.0 0.0049 10785.4200
374.0 460.0 0.0047 10785.7641
401.0 462.0 0.0036 10789.0693
424.0 454.0 0.0043 10786.9920
454.0 451.0 0.0042 10787.4691
491.0 462.0 0.0049 10785.2747
17.0 480.0 0.0045 10786.5869
37.0 479.0 0.0048 10785.4818
78.0 482.0 0.0045 10786.4536
102.0 479.0 0.0056 10783.2256
126.0 483.0 0.0055 10783.5460
165.0 482.0 0.0053 10784.2289
183.0 481.0 0.0052 10784.3375
221.0 481.0 0.0049 10785.2638
251.0 486.0 0.0051 10784.7616
275.0 490.0 0.0049 10785.2296
315.0 480.0 0.0051 10784.6637
344.0 490.0 0.0056 10783.1915
371.0 479.0 0.0053 10784.1615
390.0 492.0 0.0051 10784.7417
428.0 489.0 0.0034 10789.8245
451.0 486.0 0.0039 10788.2249
480.0 483.0 0.0038 10788.6257
146.0 14.0 0.0052 10784.5412
344.0 31.0 0.0053 10784.1633
434.0 271.0 0.0040 10787.9301
478.0 371.0 0.0042 10787.2764
312.0 205.0 0.0038 10788.4789
244.0 457.0 0.0041 10787.7613
126.0 39.0 0.0132 10760.2803
223.0 51.0 0.0047 10785.7526
94.0 215.0 0.0131 10760.8283
237.0 145.0 0.0291 10712.5528
125.0 383.0 0.0315 10705.4789
