15.0 8.0 0.0039 10788.1515
44.0 11.0 0.0044 10786.6544
67.0 19.0 0.0056 10783.3384
107.0 17.0 0.0047 10786.0389
135.0 10.0 0.0044 10786.8966
165.0 16.0 0.0051 10784.6474
189.0 23.0 0.0052 10784.4533
228.0 17.0 0.0045 10786.6361
253.0 13.0 0.0046 10786.2608
285.0 8.0 0.0040 10787.9640
301.0 15.0 0.0054 10783.7364
345.0 8.0 0.0048 10785.5418
367.0 5.0 0.0047 10785.7752
389.0 23.0 0.0054 10783.7284
434.0 23.0 0.0044 10786.8641
462.0 14.0 0.0045 10786.4168
489.0 21.0 0.0041 10787.7075
8.0 38.0 0.0047 10785.8973
44.0 44.0 0.0042 10787.4721
69.0 48.0 0.0046 10786.2537
109.0 35.0 0.0049 10785.3289
135.0 36.0 0.0051 10784.5589
170.0 37.0 0.0049 10785.1603
192.0 36.0 0.0043 10787.1893
225.0 51.0 0.0041 10787.8012
257.0 47.0 0.0052 10784.3352
275.0 52.0 0.0049 10785.2890
301.0 51.0 0.0050 10784.9786
336.0 41.0 0.0041 10787.6991
363.0 44.0 0.0047 10785.9237
398.0 38.0 0.0043 10786.9876
423.0 48.0 0.0044 10786.8330
459.0 38.0 0.0046 10786.0702
480.0 50.0 0.0045 10786.4208
14.0 68.0 0.0042 10787.4115
50.0 72.0 0.0123 10762.9519
80.0 81.0 0.0201 10739.7332
105.0 78.0 0.0117 10764.7519
131.0 65.0 0.0048 10785.6805
153.0 78.0 0.0048 10785.4626
190.0 72.0 0.0106 10768.3270
215.0 67.0 0.0042 10787.3797
251.0 69.0 0.0044 10786.7583
281.0 80.0 0.0137 10758.7594
302.0 79.0 0.0116 10765.1038
330.0 78.0 0.0138 10758.4960
367.0 64.0 0.0122 10763.4186
396.0 65.0 0.0137 10758.9792
430.0 67.0 0.0122 10763.4220
454.0 73.0 0.0051 10784.6957
491.0 66.0 0.0040 10787.8637
13.0 99.0 0.0036 10789.1738
49.0 100.0 0.0047 10785.9965
66.0 111.0 0.0039 10788.1668
99.0 102.0 0.0240 10727.9680
139.0 94.0 0.0228 10731.6106
161.0 105.0 0.0221 10733.7519
195.0 108.0 0.0051 10784.6143
221.0 101.0 0.0245 10726.4405
251.0 94.0 0.0145 10756.5136
274.0 108.0 0.0045 10786.4054
301.0 101.0 0.0288 10713.5530
335.0 107.0 0.0052 10784.5051
366.0 109.0 0.0479 10656.3844
393.0 108.0 0.0038 10788.5035
423.0 103.0 0.0319 10704.2278
453.0 110.0 0.0042 10787.5100
486.0 110.0 0.0049 10785.3844
19.0 125.0 0.0042 10787.3938
43.0 138.0 0.0134 10759.7594
78.0 134.0 0.0131 10760.6839
103.0 125.0 0.0228 10731.5096
138.0 125.0 0.0412 10676.4074
161.0 131.0 0.0199 10740.2831
188.0 135.0 0.0051 10784.7647
222.0 124.0 0.0413 10676.0344
258.0 135.0 0.0303 10709.2442
286.0 134.0 0.0144 10756.9060
303.0 131.0 0.0036 10789.1159
346.0 135.0 0.0401 10679.6492
368.0 140.0 0.0116 10765.3092
391.0 128.0 0.0134 10759.7492
430.0 137.0 0.0048 10785.6406
451.0 140.0 0.0046 10786.3416
480.0 133.0 0.0047 10785.7822
17.0 163.0 0.0037 10788.7760
45.0 166.0 0.0042 10787.3978
82.0 169.0 0.0132 10760.3173
109.0 154.0 0.0132 10760.5326
138.0 170.0 0.0041 10787.6390
159.0 169.0 0.0463 10661.0073
190.0 167.0 0.0972 10508.2559
228.0 157.0 0.0323 10703.0544
258.0 163.0 0.0051 10784.5877
271.0 166.0 0.0774 10567.8026
315.0 155.0 0.0051 10784.7156
344.0 154.0 0.0206 10738.2743
360.0 162.0 0.0399 10680.3107
405.0 162.0 0.0338 10698.7467
424.0 166.0 0.0139 10758.3723
450.0 168.0 0.0040 10787.9747
483.0 169.0 0.0045 10786.5959
13.0 194.0 0.0048 10785.5464
37.0 197.0 0.0046 10786.2552
76.0 199.0 0.0142 10757.5210
104.0 196.0 0.0198 10740.6858
137.0 186.0 0.0047 10786.0448
163.0 183.0 0.0473 10658.1336
196.0 195.0 0.0377 10686.8618
226.0 198.0 0.0322 10703.3819
258.0 183.0 0.0432 10670.2745
280.0 190.0 0.1195 10441.4760
312.0 184.0 0.0221 10733.5846
345.0 191.0 0.0959 10512.3015
374.0 182.0 0.0308 10707.4505
391.0 190.0 0.0127 10761.8628
428.0 184.0 0.0050 10785.1014
459.0 199.0 0.0053 10783.9821
483.0 189.0 0.0050 10785.0871
20.0 225.0 0.0049 10785.2036
44.0 213.0 0.0051 10784.7231
66.0 229.0 0.0052 10784.2708
103.0 216.0 0.0116 10765.2227
128.0 223.0 0.0051 10784.7767
169.0 225.0 0.0756 10573.0799
194.0 218.0 0.0112 10766.3226
228.0 212.0 0.0827 10552.0440
257.0 217.0 0.1611 10316.6280
277.0 224.0 0.0888 10533.5343
317.0 216.0 0.0458 10662.6321
345.0 227.0 0.0481 10655.8242
360.0 213.0 0.0051 10784.6752
399.0 214.0 0.0223 10733.0177
428.0 220.0 0.0044 10786.8682
453.0 226.0 0.0045 10786.4459
481.0 214.0 0.0050 10785.0871
8.0 241.0 0.0040 10787.8535
45.0 254.0 0.0054 10783.7940
71.0 258.0 0.0318 10704.5344
104.0 246.0 0.0192 10742.4597
128.0 241.0 0.0238 10728.5728
154.0 243.0 0.0682 10595.4180
195.0 250.0 0.0098 10770.5351
214.0 243.0 0.1420 10373.9579
241.0 245.0 0.0740 10577.9617
271.0 258.0 0.1100 10470.1359
313.0 243.0 0.0562 10631.5422
332.0 257.0 0.0564 10630.7803
374.0 248.0 0.0202 10739.3689
399.0 257.0 0.0235 10729.3518
418.0 242.0 0.0049 10785.3092
454.0 248.0 0.0044 10786.8216
477.0 254.0 0.0048 10785.4904
21.0 282.0 0.0050 10784.9379
48.0 274.0 0.0053 10784.0676
70.0 287.0 0.0047 10785.9128
106.0 271.0 0.0135 10759.4580
134.0 287.0 0.0138 10758.5850
153.0 284.0 0.0459 10662.1565
189.0 281.0 0.0656 10603.1721
217.0 279.0 0.0642 10607.4235
255.0 276.0 0.1226 10432.3498
272.0 276.0 0.1004 10498.8310
304.0 273.0 0.0834 10549.8223
339.0 274.0 0.0042 10787.3931
360.0 273.0 0.0332 10700.5030
400.0 278.0 0.0117 10764.7679
434.0 279.0 0.0046 10786.1662
460.0 285.0 0.0056 10783.1309
484.0 276.0 0.0047 10785.8030
10.0 301.0 0.0042 10787.4006
44.0 317.0 0.0049 10785.4255
76.0 301.0 0.0222 10733.4544
101.0 317.0 0.0035 10789.4484
128.0 314.0 0.0357 10693.0162
159.0 306.0 0.0406 10678.1246
191.0 304.0 0.0919 10524.2317
225.0 302.0 0.0404 10678.6515
252.0 312.0 0.0248 10725.6793
281.0 301.0 0.0249 10725.2038
307.0 315.0 0.0998 10500.6794
340.0 311.0 0.0335 10699.4311
374.0 309.0 0.0627 10611.8315
395.0 316.0 0.0228 10731.5702
435.0 303.0 0.0127 10762.0159
447.0 314.0 0.0039 10788.1550
478.0 312.0 0.0048 10785.7037
10.0 335.0 0.0044 10786.7549
50.0 335.0 0.0044 10786.7232
77.0 342.0 0.0052 10784.3401
107.0 332.0 0.0147 10755.8911
140.0 337.0 0.0038 10788.7043
166.0 332.0 0.0206 10738.1378
198.0 343.0 0.0981 10505.7678
224.0 338.0 0.0038 10788.6654
244.0 334.0 0.1224 10432.7450
282.0 341.0 0.0238 10728.6342
311.0 339.0 0.0577 10626.9138
335.0 339.0 0.0514 10645.8881
362.0 346.0 0.0334 10699.6545
398.0 342.0 0.0129 10761.2084
432.0 333.0 0.0033 10790.0587
452.0 337.0 0.0050 10785.0463
478.0 341.0 0.0046 10786.3347
21.0 361.0 0.0047 10785.9570
50.0 365.0 0.0049 10785.2153
70.0 374.0 0.0138 10758.4650
95.0 367.0 0.0240 10727.9365
136.0 358.0 0.0470 10658.9792
166.0 366.0 0.0140 10757.8577
182.0 359.0 0.0323 10703.1850
219.0 374.0 0.0117 10765.0096
251.0 371.0 0.0049 10785.3882
271.0 365.0 0.0328 10701.5337
312.0 368.0 0.0127 10761.8166
329.0 370.0 0.0042 10787.3559
368.0 374.0 0.0127 10761.7611
399.0 376.0 0.0247 10725.9668
428.0 368.0 0.0125 10762.3581
462.0 367.0 0.0051 10784.7182
488.0 360.0 0.0041 10787.6150
16.0 401.0 0.0052 10784.5285
42.0 394.0 0.0055 10783.3583
70.0 394.0 0.0215 10735.3511
103.0 391.0 0.0139 10758.3886
138.0 399.0 0.0298 10710.7450
156.0 404.0 0.0301 10709.7626
195.0 391.0 0.0140 10757.9277
224.0 399.0 0.0360 10692.0450
255.0 390.0 0.0205 10738.5951
282.0 405.0 0.0312 10706.4019
307.0 398.0 0.0143 10757.1812
336.0 392.0 0.0294 10711.6771
364.0 405.0 0.0332 10700.5296
403.0 394.0 0.0143 10757.2294
424.0 397.0 0.0219 10734.2727
457.0 391.0 0.0040 10787.8992
483.0 399.0 0.0054 10783.6898
10.0 422.0 0.0043 10786.9588
40.0 419.0 0.0042 10787.5114
65.0 422.0 0.0122 10763.4026
94.0 432.0 0.0044 10786.6829
137.0 419.0 0.0210 10736.9450
164.0 419.0 0.0049 10785.3952
186.0 424.0 0.0049 10785.4390
226.0 434.0 0.0047 10785.9039
252.0 426.0 0.0035 10789.4649
278.0 433.0 0.0038 10788.7406
305.0 419.0 0.0144 10756.6991
346.0 424.0 0.0046 10786.2712
359.0 425.0 0.0143 10757.1698
393.0 434.0 0.0043 10787.0632
421.0 435.0 0.0041 10787.5937
452.0 429.0 0.0045 10786.3665
490.0 427.0 0.0047 10785.8016
12.0 455.0 0.0049 10785.3530
49.0 458.0 0.0050 10785.0148
80.0 457.0 0.0045 10786.4893
103.0 461.0 0.0044 10786.7304
131.0 452.0 0.0052 10784.3122
159.0 452.0 0.0051 10784.6180
184.0 463.0 0.0042 10787.3359
224.0 463.0 0.0050 10785.1013
250.0 462.0 0.0041 10787.6675
274.0 459.0 0.0039 10788.3395
316.0 452.0 0.0051 10784.8376
332.0 463.0 0.0042 10787.3978
362.0 462.0 0.0046 10786.1336
397.0 448.0 0.0123 10763.0895
433.0 448.0 0.0046 10786.0680
460.0 449.0 0.0046 10786.2908
487.0 448.0 0.0052 10784.4962
15.0 490.0 0.0046 10786.2756
47.0 479.0 0.0053 10783.9541
81.0 478.0 0.0044 10786.6637
103.0 487.0 0.0045 10786.4603
140.0 476.0 0.0044 10786.6786
154.0 487.0 0.0047 10785.8235
196.0 478.0 0.0047 10786.0029
216.0 483.0 0.0050 10784.9712
243.0 482.0 0.0051 10784.8100
276.0 487.0 0.0048 10785.5117
309.0 485.0 0.0053 10784.1353
337.0 484.0 0.0045 10786.4713
364.0 492.0 0.0054 10783.8111
393.0 490.0 0.0063 10781.2128
425.0 485.0 0.0050 10785.0251
456.0 481.0 0.0051 10784.6246
481.0 480.0 0.0049 10785.2719
336.0 322.0 0.0045 10786.5904
244.0 423.0 0.0156 10753.2668
281.0 143.0 0.0471 10658.5562
193.0 117.0 0.0316 10705.0804
51.0 16.0 0.0042 10787.5344
243.0 92.0 0.0045 10786.4430
444.0 362.0 0.0048 10785.5945
437.0 115.0 0.0050 10785.1124
245.0 494.0 0.0044 10786.9454
437.0 104.0 0.0040 10788.0584
441.0 376.0 0.0047 10785.8679
