21.0 9.0 0.0046 10786.3101
51.0 22.0 0.0043 10787.1443
74.0 10.0 0.0050 10784.9755
94.0 18.0 0.0044 10786.8133
135.0 20.0 0.0044 10786.8734
167.0 6.0 0.0051 10784.7552
185.0 22.0 0.0050 10784.9310
222.0 20.0 0.0047 10785.9264
249.0 23.0 0.0047 10785.7796
275.0 11.0 0.0049 10785.1674
305.0 12.0 0.0051 10784.6063
337.0 19.0 0.0048 10785.5904
361.0 8.0 0.0038 10788.6644
391.0 12.0 0.0047 10785.7786
420.0 6.0 0.0047 10785.9386
450.0 14.0 0.0046 10786.1840
477.0 11.0 0.0048 10785.4524
9.0 53.0 0.0046 10786.3192
36.0 47.0 0.0048 10785.5821
66.0 48.0 0.0049 10785.4165
111.0 37.0 0.0045 10786.4685
125.0 36.0 0.0048 10785.5598
157.0 38.0 0.0050 10784.9016
191.0 39.0 0.0048 10785.7056
229.0 39.0 0.0050 10784.9576
248.0 39.0 0.0039 10788.3071
274.0 47.0 0.0044 10786.7784
316.0 43.0 0.0055 10783.4703
336.0 35.0 0.0052 10784.2636
359.0 47.0 0.0049 10785.2393
396.0 37.0 0.0046 10786.1702
428.0 33.0 0.0037 10788.9362
463.0 36.0 0.0049 10785.3658
490.0 42.0 0.0051 10784.5702
14.0 68.0 0.0045 10786.4400
50.0 82.0 0.0049 10785.3626
66.0 79.0 0.0136 10759.2677
102.0 65.0 0.0049 10785.2848
134.0 67.0 0.0148 10755.4935
170.0 67.0 0.0041 10787.7049
199.0 81.0 0.0046 10786.0568
213.0 82.0 0.0118 10764.5314
241.0 82.0 0.0144 10756.9370
270.0 75.0 0.0036 10789.1608
300.0 76.0 0.0041 10787.5608
332.0 67.0 0.0222 10733.4996
369.0 72.0 0.0116 10765.2562
401.0 83.0 0.0228 10731.5772
427.0 82.0 0.0135 10759.6178
453.0 63.0 0.0050 10784.9432
485.0 80.0 0.0045 10786.5036
20.0 97.0 0.0040 10788.1150
43.0 92.0 0.0054 10783.8332
72.0 105.0 0.0141 10757.8241
113.0 95.0 0.0138 10758.5676
132.0 106.0 0.0129 10761.1512
166.0 97.0 0.0207 10737.8408
186.0 96.0 0.0117 10764.9046
227.0 103.0 0.0054 10783.7995
240.0 106.0 0.0308 10707.5609
276.0 98.0 0.0205 10738.5908
302.0 94.0 0.0242 10727.3085
342.0 99.0 0.0328 10701.6530
360.0 99.0 0.0051 10784.5763
395.0 96.0 0.0131 10760.7016
429.0 104.0 0.0123 10762.9966
462.0 104.0 0.0053 10783.9676
482.0 94.0 0.0051 10784.5670
7.0 135.0 0.0036 10789.2897
43.0 125.0 0.0052 10784.4287
65.0 131.0 0.0218 10734.7473
106.0 141.0 0.0151 10754.6529
136.0 130.0 0.0225 10732.6436
166.0 122.0 0.0398 10680.5852
195.0 130.0 0.0206 10738.3317
211.0 125.0 0.0266 10720.0942
259.0 139.0 0.0199 10740.2219
278.0 124.0 0.0493 10651.9625
299.0 130.0 0.0045 10786.6492
334.0 131.0 0.0552 10634.5040
366.0 124.0 0.0045 10786.6343
401.0 127.0 0.0239 10728.3275
417.0 131.0 0.0121 10763.6038
453.0 140.0 0.0040 10788.0564
491.0 134.0 0.0049 10785.2986
12.0 164.0 0.0050 10784.8585
38.0 165.0 0.0041 10787.5509
66.0 163.0 0.0197 10740.8588
101.0 160.0 0.0224 10732.7710
134.0 167.0 0.0038 10788.4524
164.0 165.0 0.0286 10714.0546
190.0 167.0 0.0432 10670.4616
220.0 156.0 0.0776 10567.0843
252.0 167.0 0.0756 10573.3036
282.0 166.0 0.0423 10673.0756
310.0 171.0 0.0223 10733.0712
345.0 165.0 0.0362 10691.4213
377.0 158.0 0.0389 10683.1578
391.0 168.0 0.0112 10766.4671
423.0 156.0 0.0053 10784.2147
458.0 167.0 0.0043 10787.2404
486.0 153.0 0.0039 10788.3429
21.0 182.0 0.0047 10785.9211
47.0 188.0 0.0048 10785.6078
82.0 188.0 0.0044 10786.7962
112.0 181.0 0.0225 10732.5993
139.0 186.0 0.0301 10709.7932
161.0 193.0 0.0225 10732.3921
197.0 195.0 0.1513 10345.9851
230.0 190.0 0.1420 10374.0600
245.0 186.0 0.0113 10766.1755
289.0 195.0 0.0580 10625.9785
299.0 198.0 0.0418 10674.6056
345.0 194.0 0.0774 10567.8358
369.0 198.0 0.0043 10787.1177
390.0 187.0 0.0126 10762.2968
425.0 184.0 0.0312 10706.2700
447.0 197.0 0.0048 10785.5142
479.0 191.0 0.0052 10784.4892
12.0 218.0 0.0041 10787.7563
36.0 212.0 0.0046 10786.2396
78.0 215.0 0.0049 10785.2514
112.0 222.0 0.0048 10785.7375
139.0 217.0 0.0043 10787.2088
169.0 214.0 0.0321 10703.5526
181.0 216.0 0.0206 10738.2885
215.0 225.0 0.0950 10515.1002
250.0 211.0 0.0221 10733.6905
271.0 229.0 0.0582 10625.3147
299.0 225.0 0.0461 10661.7663
338.0 213.0 0.0192 10742.5245
373.0 226.0 0.0232 10730.4353
404.0 223.0 0.0038 10788.7339
433.0 226.0 0.0036 10789.2684
457.0 210.0 0.0047 10785.7673
485.0 230.0 0.0051 10784.6940
5.0 248.0 0.0053 10784.1970
36.0 257.0 0.0047 10785.7859
82.0 239.0 0.0107 10768.0258
110.0 247.0 0.0297 10710.7630
139.0 254.0 0.0309 10707.1943
171.0 253.0 0.0047 10785.9600
186.0 245.0 0.0805 10558.4744
229.0 248.0 0.0772 10568.4779
245.0 247.0 0.0019 10794.2411
277.0 242.0 0.2016 10195.3108
305.0 249.0 0.0029 10791.2356
340.0 245.0 0.0336 10699.2470
367.0 246.0 0.0200 10739.9748
402.0 242.0 0.0221 10733.7396
426.0 243.0 0.0048 10785.5664
458.0 256.0 0.0046 10786.1095
491.0 258.0 0.0046 10786.1130
18.0 282.0 0.0038 10788.7345
52.0 277.0 0.0057 10782.8502
83.0 279.0 0.0236 10729.0698
110.0 284.0 0.0223 10733.0437
128.0 276.0 0.0117 10764.9800
168.0 286.0 0.0345 10696.4059
188.0 278.0 0.0272 10718.2937
227.0 277.0 0.1007 10498.0198
254.0 278.0 0.1299 10410.4272
280.0 277.0 0.0700 10590.0788
300.0 269.0 0.0467 10659.9158
333.0 285.0 0.0851 10544.8011
367.0 286.0 0.0054 10783.7574
399.0 285.0 0.0037 10789.0348
420.0 282.0 0.0242 10727.5442
445.0 269.0 0.0049 10785.2283
484.0 270.0 0.0047 10785.8910
19.0 311.0 0.0049 10785.2228
43.0 308.0 0.0041 10787.8415
66.0 314.0 0.0043 10786.9960
105.0 312.0 0.0239 10728.1784
141.0 318.0 0.0377 10686.9829
161.0 314.0 0.0959 10512.1849
196.0 299.0 0.0705 10588.6203
217.0 305.0 0.1244 10426.7640
241.0 299.0 0.0382 10685.3198
275.0 303.0 0.0615 10615.5634
309.0 315.0 0.1382 10385.4108
331.0 316.0 0.0580 10626.1346
357.0 300.0 0.0128 10761.7016
388.0 302.0 0.0465 10660.4690
419.0 302.0 0.0051 10784.7273
462.0 305.0 0.0040 10788.0052
495.0 313.0 0.0045 10786.4676
18.0 343.0 0.0049 10785.2164
54.0 335.0 0.0050 10784.9926
68.0 347.0 0.0044 10786.9088
100.0 346.0 0.0436 10669.1262
140.0 330.0 0.0041 10787.6141
158.0 337.0 0.0356 10693.0813
181.0 337.0 0.0206 10738.1939
216.0 334.0 0.0342 10697.2908
258.0 330.0 0.0828 10551.6749
284.0 343.0 0.0364 10690.9285
299.0 341.0 0.0043 10787.0271
334.0 346.0 0.0595 10621.5661
372.0 335.0 0.0267 10719.9434
398.0 348.0 0.0279 10716.1920
432.0 337.0 0.0044 10786.6627
464.0 340.0 0.0051 10784.6028
475.0 343.0 0.0046 10786.3489
18.0 357.0 0.0048 10785.6912
35.0 357.0 0.0047 10785.8331
63.0 359.0 0.0146 10756.3035
101.0 366.0 0.0220 10734.0100
142.0 366.0 0.0683 10595.0361
167.0 371.0 0.0135 10759.5650
183.0 368.0 0.0037 10788.9840
228.0 373.0 0.0378 10686.5636
248.0 358.0 0.0393 10681.9542
269.0 358.0 0.0142 10757.5200
312.0 364.0 0.0124 10762.6993
328.0 373.0 0.0497 10650.7636
361.0 370.0 0.0360 10691.8635
393.0 362.0 0.0134 10759.8038
422.0 376.0 0.0127 10761.8195
456.0 362.0 0.0054 10783.7212
484.0 369.0 0.0048 10785.4575
17.0 387.0 0.0052 10784.4037
35.0 393.0 0.0047 10785.8676
78.0 403.0 0.0291 10712.5596
97.0 393.0 0.0134 10759.7952
140.0 399.0 0.0136 10759.1962
163.0 400.0 0.0241 10727.7792
198.0 391.0 0.0140 10758.0021
222.0 402.0 0.0053 10784.2494
243.0 402.0 0.0365 10690.5567
284.0 404.0 0.0046 10786.3053
305.0 401.0 0.0146 10756.0770
348.0 405.0 0.0146 10756.1366
375.0 395.0 0.0198 10740.4729
388.0 402.0 0.0124 10762.8625
418.0 396.0 0.0124 10762.7849
448.0 401.0 0.0038 10788.5364
476.0 390.0 0.0056 10783.1431
7.0 418.0 0.0046 10786.1061
53.0 427.0 0.0043 10787.1669
69.0 428.0 0.0136 10759.1493
94.0 430.0 0.0041 10787.5968
139.0 416.0 0.0056 10783.0970
153.0 423.0 0.0145 10756.6359
189.0 436.0 0.0043 10786.9504
217.0 427.0 0.0043 10787.1765
240.0 427.0 0.0197 10740.9437
286.0 429.0 0.0146 10756.2672
312.0 431.0 0.0052 10784.5096
334.0 431.0 0.0045 10786.4058
376.0 429.0 0.0043 10787.0126
391.0 436.0 0.0145 10756.5182
426.0 432.0 0.0153 10754.0706
456.0 420.0 0.0053 10784.1644
478.0 423.0 0.0040 10788.0826
17.0 460.0 0.0048 10785.4924
50.0 446.0 0.0040 10787.8983
75.0 458.0 0.0049 10785.3469
105.0 447.0 0.0053 10784.1900
122.0 451.0 0.0051 10784.6985
158.0 458.0 0.0052 10784.3646
188.0 464.0 0.0041 10787.6521
212.0 456.0 0.0046 10786.3004
253.0 457.0 0.0051 10784.6814
277.0 455.0 0.0034 10789.6723
307.0 451.0 0.0053 10784.1819
332.0 454.0 0.0045 10786.5707
371.0 452.0 0.0052 10784.5466
396.0 452.0 0.0133 10760.1143
427.0 451.0 0.0043 10786.9920
463.0 459.0 0.0045 10786.6313
491.0 460.0 0.0045 10786.5879
23.0 488.0 0.0040 10787.8695
49.0 481.0 0.0050 10785.0699
64.0 484.0 0.0045 10786.5030
95.0 490.0 0.0054 10783.6506
136.0 482.0 0.0053 10784.1100
157.0 489.0 0.0053 10784.2289
193.0 495.0 0.0046 10786.2264
223.0 488.0 0.0053 10784.0026
250.0 493.0 0.0039 10788.2746
289.0 475.0 0.0051 10784.6678
304.0 493.0 0.0041 10787.6786
344.0 478.0 0.0055 10783.5660
376.0 484.0 0.0052 10784.5118
399.0 480.0 0.0060 10781.9759
431.0 481.0 0.0051 10784.7087
461.0 482.0 0.0046 10786.3018
477.0 487.0 0.0047 10785.9341
160.0 184.0 0.0039 10788.3916
110.0 70.0 0.0128 10761.4570
401.0 298.0 0.0112 10766.3211
183.0 425.0 0.0046 10786.2740
465.0 134.0 0.0041 10787.6701
243.0 488.0 0.0050 10785.0752
147.0 153.0 0.0407 10677.8590
105.0 173.0 0.0136 10759.0595
179.0 436.0 0.0049 10785.2190
84.0 130.0 0.0045 10786.3650
41.0 305.0 0.0040 10788.1249
