20.0 8.0 0.0041 10787.7612
55.0 17.0 0.0040 10787.9548
65.0 15.0 0.0055 10783.3932
106.0 11.0 0.0039 10788.3177
133.0 25.0 0.0044 10786.9275
150.0 5.0 0.0049 10785.4023
202.0 7.0 0.0051 10784.6934
211.0 11.0 0.0040 10788.1099
241.0 6.0 0.0043 10787.1874
274.0 3.0 0.0052 10784.4729
306.0 19.0 0.0053 10784.0763
326.0 17.0 0.0051 10784.7793
358.0 22.0 0.0046 10786.3164
391.0 6.0 0.0046 10786.0950
429.0 18.0 0.0048 10785.5340
454.0 15.0 0.0048 10785.5898
484.0 9.0 0.0050 10785.0582
15.0 44.0 0.0053 10784.1880
41.0 43.0 0.0047 10785.9774
63.0 45.0 0.0051 10784.5970
93.0 32.0 0.0047 10785.9063
137.0 41.0 0.0045 10786.4517
170.0 32.0 0.0046 10786.2538
184.0 44.0 0.0046 10786.0957
221.0 54.0 0.0050 10785.1025
250.0 49.0 0.0050 10784.9925
285.0 51.0 0.0051 10784.5764
316.0 38.0 0.0055 10783.6450
340.0 34.0 0.0043 10786.9967
365.0 35.0 0.0047 10785.8877
388.0 32.0 0.0045 10786.5078
423.0 55.0 0.0039 10788.2652
460.0 55.0 0.0055 10783.6340
490.0 50.0 0.0043 10787.2165
22.0 72.0 0.0053 10784.2274
50.0 77.0 0.0132 10760.3127
84.0 75.0 0.0048 10785.7473
104.0 69.0 0.0139 10758.2109
141.0 61.0 0.0117 10764.9888
172.0 85.0 0.0049 10785.2998
200.0 76.0 0.0135 10759.5314
211.0 69.0 0.0048 10785.5188
238.0 82.0 0.0293 10712.1332
279.0 76.0 0.0052 10784.3894
313.0 66.0 0.0051 10784.7483
346.0 71.0 0.0139 10758.3840
359.0 67.0 0.0125 10762.5212
406.0 63.0 0.0046 10786.2682
415.0 64.0 0.0127 10761.8005
452.0 79.0 0.0048 10785.7471
492.0 64.0 0.0044 10786.6582
6.0 108.0 0.0045 10786.5987
54.0 112.0 0.0044 10786.9389
82.0 113.0 0.0046 10786.1786
107.0 101.0 0.0211 10736.7367
125.0 110.0 0.0395 10681.4460
154.0 105.0 0.0137 10758.9973
181.0 109.0 0.0577 10626.8908
229.0 110.0 0.0052 10784.4461
260.0 102.0 0.0051 10784.6356
273.0 92.0 0.0119 10764.3308
315.0 103.0 0.0416 10675.2915
345.0 100.0 0.0217 10734.8063
365.0 103.0 0.0135 10759.5411
395.0 111.0 0.0144 10756.6545
437.0 101.0 0.0217 10734.9410
459.0 94.0 0.0046 10786.0823
492.0 111.0 0.0055 10783.6351
7.0 124.0 0.0042 10787.3302
54.0 125.0 0.0134 10759.8042
78.0 122.0 0.0046 10786.1868
103.0 122.0 0.0043 10787.0069
124.0 141.0 0.0120 10764.1492
150.0 126.0 0.0126 10762.1668
202.0 129.0 0.0402 10679.2952
214.0 122.0 0.0044 10786.8862
256.0 134.0 0.0418 10674.5199
288.0 127.0 0.0209 10737.2649
320.0 127.0 0.0133 10759.9572
328.0 137.0 0.0205 10738.5534
368.0 130.0 0.0301 10709.7061
385.0 120.0 0.0296 10711.1848
434.0 125.0 0.0226 10732.3353
466.0 122.0 0.0041 10787.5561
496.0 128.0 0.0051 10784.6215
17.0 172.0 0.0052 10784.4925
44.0 166.0 0.0051 10784.6235
69.0 170.0 0.0211 10736.6835
113.0 154.0 0.0041 10787.7758
125.0 170.0 0.0226 10732.0504
161.0 162.0 0.0377 10686.7924
200.0 150.0 0.0483 10655.1556
213.0 158.0 0.0359 10692.2248
246.0 159.0 0.0670 10599.1179
290.0 158.0 0.0299 10710.4092
300.0 162.0 0.0214 10735.7509
328.0 160.0 0.0240 10727.9881
368.0 162.0 0.0101 10769.7441
386.0 167.0 0.0282 10715.5136
415.0 157.0 0.0240 10727.9782
451.0 152.0 0.0044 10786.8601
482.0 166.0 0.0049 10785.3016
13.0 179.0 0.0048 10785.5220
33.0 192.0 0.0043 10786.9684
84.0 200.0 0.0048 10785.5879
98.0 195.0 0.0123 10763.0886
132.0 181.0 0.0286 10714.0577
171.0 192.0 0.0208 10737.6767
181.0 191.0 0.1104 10468.7817
208.0 195.0 0.0584 10624.7746
255.0 190.0 0.0490 10652.9260
276.0 193.0 0.0407 10677.8837
315.0 189.0 0.1621 10313.7264
340.0 183.0 0.0458 10662.6106
363.0 179.0 0.0289 10713.3079
388.0 193.0 0.0042 10787.4619
435.0 194.0 0.0054 10783.7955
449.0 182.0 0.0052 10784.2688
488.0 198.0 0.0040 10787.8872
23.0 229.0 0.0041 10787.6272
40.0 224.0 0.0048 10785.6975
71.0 219.0 0.0041 10787.7641
96.0 215.0 0.0117 10764.8816
143.0 210.0 0.0484 10654.8646
163.0 221.0 0.0053 10784.0408
194.0 209.0 0.0039 10788.2196
216.0 217.0 0.0702 10589.5019
246.0 222.0 0.1642 10307.3480
275.0 225.0 0.0622 10613.3200
302.0 231.0 0.0680 10595.9000
349.0 215.0 0.0399 10680.3807
368.0 209.0 0.0203 10739.1139
398.0 217.0 0.0050 10785.0966
420.0 224.0 0.0310 10707.0833
452.0 217.0 0.0047 10785.9893
493.0 212.0 0.0044 10786.6783
21.0 243.0 0.0047 10786.0482
34.0 246.0 0.0051 10784.7402
66.0 244.0 0.0048 10785.5947
96.0 240.0 0.0346 10696.1158
125.0 255.0 0.0390 10683.1302
160.0 239.0 0.0968 10509.5991
202.0 245.0 0.0999 10500.1925
216.0 256.0 0.1190 10443.0224
256.0 245.0 0.1208 10437.6260
278.0 250.0 0.1841 10247.6861
312.0 253.0 0.0799 10560.2505
342.0 252.0 0.0762 10571.4900
377.0 246.0 0.0126 10762.3132
402.0 239.0 0.0036 10789.1264
433.0 251.0 0.0043 10787.1308
448.0 252.0 0.0039 10788.3510
477.0 248.0 0.0055 10783.5977
16.0 277.0 0.0052 10784.3273
43.0 290.0 0.0056 10783.2443
74.0 270.0 0.0031 10790.7340
109.0 273.0 0.0307 10708.0388
122.0 279.0 0.0048 10785.7364
163.0 289.0 0.0573 10628.0399
188.0 273.0 0.0967 10509.9712
216.0 285.0 0.0033 10790.1390
252.0 289.0 0.0845 10546.6085
283.0 287.0 0.0737 10578.8838
310.0 272.0 0.0331 10700.7565
341.0 272.0 0.0227 10732.0313
363.0 285.0 0.0473 10658.2175
393.0 270.0 0.0316 10705.0920
436.0 282.0 0.0045 10786.3952
464.0 281.0 0.0043 10787.0739
476.0 290.0 0.0046 10786.1380
8.0 310.0 0.0046 10786.2086
51.0 305.0 0.0053 10783.9697
84.0 312.0 0.0050 10785.1227
112.0 302.0 0.0132 10760.3786
132.0 300.0 0.0699 10590.3958
167.0 314.0 0.0293 10712.0296
195.0 313.0 0.0601 10619.6367
214.0 320.0 0.0548 10635.4541
261.0 317.0 0.0430 10670.9924
285.0 305.0 0.0497 10650.7810
317.0 320.0 0.0714 10585.8397
333.0 305.0 0.0044 10786.8284
373.0 313.0 0.0503 10649.1210
406.0 306.0 0.0216 10735.2619
428.0 299.0 0.0038 10788.6571
446.0 308.0 0.0047 10785.7938
476.0 311.0 0.0039 10788.4076
15.0 345.0 0.0048 10785.5100
35.0 349.0 0.0035 10789.3878
82.0 348.0 0.0352 10694.4011
98.0 337.0 0.0135 10759.4631
137.0 336.0 0.0041 10787.5970
150.0 347.0 0.0400 10679.9094
189.0 342.0 0.0225 10732.6454
218.0 334.0 0.0355 10693.3722
252.0 327.0 0.0463 10661.2472
272.0 338.0 0.0963 10511.0595
313.0 329.0 0.0221 10733.6183
327.0 346.0 0.0289 10713.4067
377.0 329.0 0.0315 10705.5290
392.0 339.0 0.0126 10762.2820
427.0 344.0 0.0047 10786.0144
459.0 326.0 0.0053 10784.1681
486.0 329.0 0.0043 10786.9735
13.0 376.0 0.0042 10787.2616
50.0 361.0 0.0049 10785.3579
72.0 357.0 0.0138 10758.7493
107.0 363.0 0.0047 10785.7867
135.0 366.0 0.0490 10652.9581
165.0 365.0 0.0188 10743.5621
202.0 358.0 0.0044 10786.6600
225.0 369.0 0.0048 10785.5422
258.0 369.0 0.0227 10731.8572
276.0 369.0 0.0329 10701.1540
300.0 379.0 0.0289 10713.3404
348.0 372.0 0.0234 10729.7702
356.0 379.0 0.0259 10722.2310
389.0 363.0 0.0143 10757.1256
435.0 367.0 0.0310 10706.8650
450.0 372.0 0.0051 10784.6070
476.0 376.0 0.0050 10784.9272
24.0 399.0 0.0125 10762.5833
38.0 389.0 0.0047 10786.0283
62.0 397.0 0.0135 10759.6098
101.0 406.0 0.0294 10711.9076
125.0 391.0 0.0136 10759.1322
160.0 400.0 0.0061 10781.6432
193.0 404.0 0.0235 10729.4310
210.0 402.0 0.0144 10756.9415
241.0 408.0 0.0219 10734.1594
284.0 386.0 0.0134 10759.7550
314.0 398.0 0.0207 10737.7550
334.0 402.0 0.0234 10729.8791
356.0 403.0 0.0134 10759.6525
388.0 388.0 0.0042 10787.3761
428.0 389.0 0.0121 10763.5546
447.0 407.0 0.0047 10785.9343
496.0 403.0 0.0043 10787.0180
17.0 423.0 0.0049 10785.1923
39.0 427.0 0.0052 10784.2764
74.0 422.0 0.0047 10785.8190
104.0 426.0 0.0045 10786.4631
131.0 435.0 0.0047 10785.9810
162.0 421.0 0.0049 10785.3487
197.0 419.0 0.0143 10757.2256
218.0 425.0 0.0051 10784.7296
251.0 435.0 0.0036 10789.0902
271.0 419.0 0.0045 10786.5418
317.0 427.0 0.0050 10784.9332
345.0 419.0 0.0245 10726.6172
367.0 426.0 0.0143 10757.0317
402.0 436.0 0.0150 10754.9844
430.0 420.0 0.0124 10762.7236
455.0 421.0 0.0055 10783.6318
492.0 430.0 0.0047 10785.9249
5.0 448.0 0.0044 10786.8498
48.0 457.0 0.0042 10787.4247
73.0 462.0 0.0049 10785.2566
114.0 449.0 0.0143 10757.2468
126.0 464.0 0.0055 10783.6305
155.0 445.0 0.0048 10785.6315
188.0 463.0 0.0046 10786.3035
226.0 460.0 0.0041 10787.7262
246.0 460.0 0.0048 10785.6006
282.0 466.0 0.0050 10784.9100
309.0 454.0 0.0045 10786.5533
343.0 454.0 0.0048 10785.5302
375.0 462.0 0.0049 10785.1924
402.0 459.0 0.0048 10785.6363
419.0 451.0 0.0045 10786.4724
462.0 448.0 0.0050 10785.0554
483.0 464.0 0.0055 10783.4577
10.0 486.0 0.0048 10785.4670
37.0 493.0 0.0054 10783.6720
78.0 492.0 0.0050 10784.8869
104.0 495.0 0.0055 10783.4522
142.0 473.0 0.0053 10784.2261
155.0 491.0 0.0047 10785.7580
192.0 489.0 0.0051 10784.7528
219.0 474.0 0.0055 10783.4780
259.0 496.0 0.0056 10783.3071
269.0 486.0 0.0049 10785.3786
313.0 482.0 0.0053 10784.2294
346.0 489.0 0.0056 10783.1915
378.0 494.0 0.0050 10784.9124
396.0 493.0 0.0063 10781.1806
429.0 489.0 0.0049 10785.3569
450.0 474.0 0.0048 10785.4927
483.0 483.0 0.0043 10787.1384
89.0 313.0 0.0297 10710.9104
48.0 258.0 0.0046 10786.1744
210.0 385.0 0.0405 10678.5255
151.0 58.0 0.0045 10786.4478
248.0 242.0 0.1526 10342.1660
38.0 231.0 0.0047 10785.7868
409.0 451.0 0.0050 10784.9382
145.0 70.0 0.0130 10760.9656
391.0 347.0 0.0128 10761.6839
384.0 107.0 0.0046 10786.2497
480.0 69.0 0.0040 10788.0667
