1.0 13.0 0.0045 10786.6143
45.0 20.0 0.0052 10784.5299
77.0 15.0 0.0040 10787.8868
102.0 25.0 0.0048 10785.5483
129.0 7.0 0.0049 10785.2349
157.0 25.0 0.0043 10787.0191
190.0 26.0 0.0049 10785.3611
223.0 26.0 0.0047 10786.0167
261.0 13.0 0.0044 10786.7490
271.0 10.0 0.0045 10786.5185
313.0 1.0 0.0048 10785.6730
342.0 5.0 0.0042 10787.2648
362.0 12.0 0.0043 10787.1177
390.0 13.0 0.0051 10784.7416
434.0 23.0 0.0047 10786.0326
463.0 14.0 0.0035 10789.4034
485.0 27.0 0.0047 10785.9211
14.0 48.0 0.0048 10785.5492
39.0 33.0 0.0047 10785.9841
79.0 37.0 0.0139 10758.2471
108.0 53.0 0.0046 10786.1891
122.0 41.0 0.0047 10785.8364
167.0 54.0 0.0050 10784.9663
189.0 43.0 0.0047 10785.9849
220.0 32.0 0.0046 10786.0559
260.0 36.0 0.0051 10784.6143
266.0 48.0 0.0043 10787.1348
315.0 43.0 0.0035 10789.6088
326.0 53.0 0.0049 10785.3453
360.0 34.0 0.0043 10786.9981
401.0 36.0 0.0215 10735.4316
424.0 48.0 0.0045 10786.6185
446.0 54.0 0.0043 10787.0142
484.0 40.0 0.0050 10784.9791
13.0 81.0 0.0047 10785.8469
34.0 74.0 0.0040 10787.9418
77.0 78.0 0.0046 10786.0572
97.0 69.0 0.0122 10763.3729
120.0 67.0 0.0318 10704.4576
167.0 80.0 0.0126 10762.0747
178.0 82.0 0.0142 10757.4469
216.0 65.0 0.0038 10788.6645
252.0 76.0 0.0047 10785.8725
291.0 63.0 0.0041 10787.6802
319.0 61.0 0.0134 10759.8498
325.0 77.0 0.0311 10706.6192
355.0 65.0 0.0045 10786.3611
388.0 73.0 0.0051 10784.6454
439.0 61.0 0.0047 10785.8264
462.0 66.0 0.0055 10783.5847
472.0 69.0 0.0046 10786.1062
17.0 106.0 0.0037 10788.8350
32.0 115.0 0.0047 10786.0403
61.0 95.0 0.0048 10785.6862
93.0 107.0 0.0306 10708.2240
140.0 102.0 0.0292 10712.3860
159.0 97.0 0.0050 10785.0153
183.0 99.0 0.0313 10706.1106
215.0 102.0 0.0143 10757.0445
244.0 111.0 0.0263 10721.2231
276.0 90.0 0.0190 10742.8808
319.0 101.0 0.0232 10730.3933
337.0 110.0 0.0051 10784.7565
371.0 114.0 0.0463 10661.2266
388.0 92.0 0.0316 10705.1333
420.0 96.0 0.0125 10762.6242
443.0 110.0 0.0049 10785.2823
493.0 98.0 0.0051 10784.7488
16.0 129.0 0.0045 10786.5788
44.0 128.0 0.0048 10785.5575
62.0 129.0 0.0052 10784.4814
112.0 126.0 0.0040 10788.0697
141.0 129.0 0.0489 10653.1505
168.0 139.0 0.0403 10679.0065
186.0 136.0 0.0122 10763.3241
227.0 137.0 0.0279 10716.3204
261.0 123.0 0.0232 10730.5295
291.0 137.0 0.0331 10700.8024
314.0 134.0 0.0208 10737.6194
337.0 141.0 0.0132 10760.3779
368.0 122.0 0.0045 10786.4534
397.0 143.0 0.0047 10785.9842
419.0 143.0 0.0234 10729.8714
448.0 119.0 0.0042 10787.4054
487.0 121.0 0.0054 10783.8665
26.0 170.0 0.0047 10785.8475
39.0 173.0 0.0048 10785.6380
85.0 172.0 0.0135 10759.5710
104.0 151.0 0.0137 10758.8401
144.0 161.0 0.0126 10762.0871
153.0 167.0 0.0403 10679.0019
199.0 174.0 0.0135 10759.3724
220.0 161.0 0.0224 10732.7081
259.0 151.0 0.0051 10784.5646
276.0 157.0 0.0419 10674.4215
313.0 154.0 0.0420 10674.0211
348.0 167.0 0.0374 10687.7113
376.0 158.0 0.0383 10685.0257
404.0 152.0 0.0142 10757.3430
418.0 174.0 0.0053 10784.0169
456.0 170.0 0.0045 10786.4918
474.0 166.0 0.0052 10784.4256
21.0 191.0 0.0049 10785.3457
52.0 199.0 0.0032 10790.3312
79.0 178.0 0.0049 10785.2504
90.0 199.0 0.0133 10760.2495
142.0 183.0 0.0449 10665.4266
173.0 198.0 0.0047 10786.0322
180.0 192.0 0.0216 10735.1589
218.0 178.0 0.1050 10484.9960
240.0 180.0 0.1478 10356.7200
284.0 201.0 0.0404 10678.7657
299.0 187.0 0.0797 10560.9436
326.0 183.0 0.0929 10521.3820
356.0 202.0 0.0322 10703.5368
392.0 199.0 0.0135 10759.4391
421.0 193.0 0.0134 10759.8477
448.0 180.0 0.0052 10784.3059
496.0 190.0 0.0042 10787.4944
20.0 215.0 0.0044 10786.9144
38.0 225.0 0.0033 10790.2016
76.0 229.0 0.0049 10785.1989
94.0 222.0 0.0138 10758.4857
141.0 218.0 0.0046 10786.2624
160.0 210.0 0.0499 10650.2028
179.0 214.0 0.0899 10530.2663
222.0 227.0 0.0497 10650.8720
254.0 209.0 0.0482 10655.3154
266.0 223.0 0.0613 10616.2397
304.0 226.0 0.1235 10429.3778
344.0 221.0 0.0292 10712.3591
379.0 230.0 0.0133 10760.0016
397.0 232.0 0.0119 10764.3729
437.0 219.0 0.0043 10786.9650
457.0 227.0 0.0045 10786.5430
489.0 219.0 0.0043 10787.0091
9.0 257.0 0.0055 10783.5357
51.0 255.0 0.0057 10782.7588
67.0 245.0 0.0041 10787.8178
94.0 239.0 0.0694 10591.9356
128.0 255.0 0.0132 10760.3389
161.0 261.0 0.0056 10783.2673
197.0 258.0 0.0242 10727.3424
208.0 251.0 0.0836 10549.1236
248.0 242.0 0.0841 10547.6897
278.0 252.0 0.1927 10221.9666
321.0 241.0 0.0591 10622.6586
349.0 241.0 0.0042 10787.5211
378.0 247.0 0.0207 10737.9718
385.0 254.0 0.0051 10784.6922
427.0 256.0 0.0139 10758.2429
457.0 238.0 0.0044 10786.9118
488.0 236.0 0.0051 10784.7435
13.0 273.0 0.0052 10784.4550
38.0 288.0 0.0052 10784.4531
69.0 275.0 0.0123 10763.1890
103.0 290.0 0.0045 10786.4539
123.0 282.0 0.0212 10736.4991
159.0 287.0 0.0053 10784.2020
183.0 269.0 0.0669 10599.2468
218.0 290.0 0.0663 10601.2375
246.0 284.0 0.1282 10415.5272
291.0 291.0 0.1197 10441.0055
316.0 278.0 0.0436 10669.1705
345.0 270.0 0.0533 10640.2284
365.0 276.0 0.0449 10665.1737
385.0 282.0 0.0209 10737.4214
418.0 278.0 0.0214 10735.8297
452.0 274.0 0.0053 10784.0071
476.0 278.0 0.0042 10787.3709
4.0 308.0 0.0041 10787.7057
55.0 300.0 0.0050 10785.0764
66.0 297.0 0.0052 10784.2695
106.0 310.0 0.0235 10729.5187
145.0 305.0 0.0226 10732.2563
148.0 298.0 0.0544 10636.6553
190.0 315.0 0.0429 10671.3028
215.0 298.0 0.0337 10698.9896
255.0 317.0 0.0036 10789.1540
267.0 311.0 0.0261 10721.7528
307.0 299.0 0.0446 10666.3144
326.0 303.0 0.0499 10650.2118
379.0 319.0 0.0365 10690.4346
406.0 314.0 0.0378 10686.7113
424.0 297.0 0.0048 10785.5881
454.0 318.0 0.0042 10787.3508
497.0 320.0 0.0052 10784.4301
23.0 343.0 0.0056 10783.2744
50.0 330.0 0.0049 10785.4468
78.0 332.0 0.0216 10735.3288
111.0 335.0 0.0136 10759.1894
123.0 336.0 0.0335 10699.4889
158.0 342.0 0.0391 10682.7952
182.0 342.0 0.0410 10676.9613
211.0 349.0 0.0220 10733.9318
252.0 334.0 0.1192 10442.4698
278.0 344.0 0.0038 10788.5282
296.0 325.0 0.0509 10647.2562
327.0 346.0 0.0350 10695.0246
358.0 325.0 0.0352 10694.3390
402.0 339.0 0.0044 10786.8657
438.0 340.0 0.0043 10787.0730
460.0 328.0 0.0054 10783.8846
493.0 327.0 0.0047 10786.0399
9.0 374.0 0.0046 10786.0778
33.0 356.0 0.0049 10785.2153
84.0 365.0 0.0141 10757.5825
98.0 371.0 0.0232 10730.5104
122.0 355.0 0.0127 10761.8232
162.0 365.0 0.0327 10701.7922
191.0 361.0 0.0121 10763.6906
231.0 379.0 0.0142 10757.3809
243.0 355.0 0.0691 10592.6480
278.0 372.0 0.0225 10732.5659
313.0 379.0 0.0219 10734.3047
327.0 354.0 0.0036 10789.2423
358.0 373.0 0.0327 10701.7753
402.0 358.0 0.0257 10722.9528
425.0 360.0 0.0198 10740.7238
468.0 355.0 0.0044 10786.6964
495.0 362.0 0.0037 10788.9075
17.0 395.0 0.0053 10784.1629
37.0 385.0 0.0055 10783.5981
82.0 388.0 0.0149 10755.1778
107.0 405.0 0.0128 10761.6839
136.0 410.0 0.0220 10734.1186
162.0 402.0 0.0130 10761.0456
178.0 407.0 0.0312 10706.4208
224.0 404.0 0.0303 10709.1417
259.0 407.0 0.0125 10762.4694
282.0 409.0 0.0219 10734.3595
296.0 406.0 0.0212 10736.4066
350.0 391.0 0.0221 10733.8061
361.0 393.0 0.0104 10768.7605
408.0 403.0 0.0234 10729.7786
427.0 386.0 0.0043 10787.0749
453.0 386.0 0.0046 10786.2190
482.0 389.0 0.0053 10783.9801
10.0 415.0 0.0053 10784.1289
52.0 436.0 0.0125 10762.6411
83.0 415.0 0.0241 10727.8072
96.0 430.0 0.0041 10787.7045
128.0 431.0 0.0044 10786.6708
153.0 424.0 0.0051 10784.6204
181.0 420.0 0.0056 10783.2506
222.0 437.0 0.0048 10785.4507
241.0 428.0 0.0124 10762.8008
284.0 413.0 0.0048 10785.7235
305.0 413.0 0.0156 10753.2077
326.0 422.0 0.0137 10759.0113
378.0 436.0 0.0137 10759.0418
407.0 415.0 0.0054 10783.7143
424.0 429.0 0.0227 10731.8581
449.0 428.0 0.0052 10784.4520
485.0 421.0 0.0047 10785.8062
13.0 467.0 0.0051 10784.7240
33.0 463.0 0.0054 10783.8440
63.0 463.0 0.0040 10788.1344
106.0 467.0 0.0049 10785.1668
143.0 451.0 0.0052 10784.4594
153.0 457.0 0.0054 10783.9185
194.0 442.0 0.0046 10786.3011
220.0 468.0 0.0050 10784.8762
260.0 468.0 0.0042 10787.4465
279.0 453.0 0.0044 10786.6806
314.0 452.0 0.0053 10784.0492
346.0 468.0 0.0049 10785.4107
358.0 467.0 0.0048 10785.6256
403.0 463.0 0.0049 10785.3640
420.0 459.0 0.0052 10784.4187
446.0 463.0 0.0041 10787.7865
492.0 466.0 0.0049 10785.2694
14.0 477.0 0.0031 10790.8025
43.0 492.0 0.0052 10784.3137
83.0 482.0 0.0051 10784.7253
100.0 491.0 0.0055 10783.6403
130.0 473.0 0.0050 10785.1218
166.0 485.0 0.0045 10786.6162
189.0 495.0 0.0051 10784.8196
209.0 495.0 0.0043 10786.9639
253.0 484.0 0.0051 10784.8212
287.0 494.0 0.0050 10784.9080
301.0 475.0 0.0050 10785.1045
351.0 483.0 0.0053 10784.1389
370.0 476.0 0.0054 10783.7390
389.0 481.0 0.0058 10782.6198
415.0 497.0 0.0038 10788.5781
454.0 475.0 0.0047 10785.9780
478.0 480.0 0.0038 10788.5154
279.0 252.0 0.0359 10692.4253
139.0 251.0 0.0515 10645.5004
243.0 237.0 0.0448 10665.7402
126.0 4.0 0.0045 10786.6461
171.0 212.0 0.0742 10577.3075
351.0 375.0 0.0051 10784.6710
368.0 337.0 0.0151 10754.5648
73.0 218.0 0.0049 10785.2952
104.0 424.0 0.0051 10784.6015
362.0 467.0 0.0049 10785.4406
168.0 24.0 0.0042 10787.3706
