22.0 17.0 0.0050 10785.0283
29.0 5.0 0.0050 10784.8795
66.0 23.0 0.0051 10784.8499
110.0 15.0 0.0041 10787.6928
120.0 26.0 0.0047 10785.9969
157.0 1.0 0.0048 10785.6304
184.0 24.0 0.0048 10785.7360
223.0 5.0 0.0038 10788.6056
259.0 25.0 0.0051 10784.7672
266.0 23.0 0.0041 10787.7823
306.0 14.0 0.0058 10782.6629
336.0 19.0 0.0036 10789.0840
353.0 25.0 0.0052 10784.5158
386.0 5.0 0.0049 10785.3546
434.0 4.0 0.0053 10784.1365
454.0 2.0 0.0046 10786.1385
481.0 15.0 0.0052 10784.5488
6.0 46.0 0.0043 10787.2205
30.0 54.0 0.0046 10786.2929
86.0 51.0 0.0042 10787.4789
103.0 52.0 0.0139 10758.1595
145.0 35.0 0.0051 10784.8300
153.0 36.0 0.0049 10785.3482
182.0 46.0 0.0047 10785.9461
221.0 32.0 0.0049 10785.2299
243.0 41.0 0.0051 10784.7612
292.0 33.0 0.0047 10785.9570
298.0 53.0 0.0048 10785.5949
345.0 32.0 0.0048 10785.7072
375.0 33.0 0.0133 10760.1269
393.0 31.0 0.0120 10763.9888
415.0 47.0 0.0041 10787.6976
458.0 58.0 0.0054 10783.7174
484.0 53.0 0.0046 10786.3324
28.0 78.0 0.0051 10784.6384
53.0 80.0 0.0139 10758.3969
84.0 60.0 0.0051 10784.8238
117.0 67.0 0.0045 10786.4851
138.0 65.0 0.0146 10756.1757
166.0 64.0 0.0129 10761.3550
205.0 72.0 0.0139 10758.4357
223.0 59.0 0.0044 10786.7824
258.0 69.0 0.0126 10762.1863
282.0 68.0 0.0047 10785.7539
307.0 75.0 0.0139 10758.3356
326.0 62.0 0.0327 10701.8943
381.0 85.0 0.0050 10784.9748
393.0 84.0 0.0128 10761.5148
414.0 85.0 0.0120 10764.1029
460.0 87.0 0.0040 10787.9176
473.0 70.0 0.0047 10786.0355
4.0 103.0 0.0043 10787.1101
46.0 111.0 0.0041 10787.6880
66.0 94.0 0.0213 10736.0654
112.0 107.0 0.0142 10757.2620
129.0 115.0 0.0113 10766.0138
160.0 104.0 0.0315 10705.4578
179.0 97.0 0.0048 10785.7416
206.0 99.0 0.0295 10711.3542
240.0 111.0 0.0113 10766.2444
271.0 96.0 0.0213 10736.1412
300.0 114.0 0.0139 10758.3696
341.0 112.0 0.0399 10680.3380
356.0 115.0 0.0054 10783.7192
408.0 117.0 0.0046 10786.1418
415.0 90.0 0.0210 10737.0054
457.0 110.0 0.0050 10784.9416
480.0 95.0 0.0047 10785.9395
25.0 130.0 0.0047 10785.8032
51.0 141.0 0.0053 10784.0941
60.0 135.0 0.0133 10760.1925
109.0 145.0 0.0409 10677.2479
139.0 132.0 0.0461 10661.6617
160.0 134.0 0.0146 10756.1146
199.0 136.0 0.0232 10730.4424
232.0 118.0 0.0227 10732.0468
258.0 126.0 0.0130 10760.8980
269.0 129.0 0.0712 10586.2932
302.0 124.0 0.0049 10785.4013
328.0 126.0 0.0211 10736.7017
356.0 137.0 0.0049 10785.3939
405.0 125.0 0.0525 10642.6121
435.0 139.0 0.0037 10788.7921
470.0 136.0 0.0048 10785.7169
499.0 123.0 0.0051 10784.7505
14.0 166.0 0.0049 10785.1779
29.0 152.0 0.0047 10785.8457
65.0 164.0 0.0133 10760.1949
92.0 155.0 0.0034 10789.7418
120.0 168.0 0.0041 10787.5526
161.0 148.0 0.0236 10729.1968
183.0 160.0 0.0388 10683.5343
211.0 172.0 0.1391 10382.6771
264.0 171.0 0.0478 10656.7389
267.0 151.0 0.0880 10535.9850
298.0 150.0 0.0049 10785.1901
342.0 163.0 0.0835 10549.3878
367.0 149.0 0.0449 10665.3438
387.0 169.0 0.0131 10760.8104
432.0 176.0 0.0147 10755.8900
457.0 149.0 0.0043 10787.2415
490.0 154.0 0.0047 10785.7771
15.0 179.0 0.0050 10784.9570
37.0 196.0 0.0048 10785.4598
63.0 181.0 0.0051 10784.5782
90.0 202.0 0.0048 10785.4910
124.0 193.0 0.0411 10676.7916
152.0 180.0 0.0352 10694.4839
178.0 195.0 0.0517 10644.9239
221.0 203.0 0.0037 10788.9554
254.0 204.0 0.1520 10344.0564
268.0 201.0 0.0883 10535.0263
309.0 201.0 0.1188 10443.7097
339.0 203.0 0.0535 10639.5585
356.0 203.0 0.0052 10784.4814
386.0 189.0 0.0215 10735.3874
412.0 181.0 0.0297 10710.9958
455.0 205.0 0.0056 10783.3277
492.0 183.0 0.0045 10786.5889
9.0 209.0 0.0046 10786.2171
45.0 220.0 0.0046 10786.2079
88.0 229.0 0.0411 10676.5672
90.0 211.0 0.0221 10733.7801
127.0 222.0 0.0213 10736.0166
173.0 220.0 0.1290 10412.9547
197.0 230.0 0.0033 10790.1492
219.0 213.0 0.0570 10628.9502
247.0 227.0 0.0698 10590.7389
268.0 227.0 0.0289 10713.2909
311.0 230.0 0.0258 10722.6583
327.0 223.0 0.0485 10654.4699
354.0 216.0 0.0241 10727.7358
404.0 226.0 0.0122 10763.4351
427.0 232.0 0.0042 10787.2818
459.0 212.0 0.0052 10784.4427
496.0 233.0 0.0051 10784.6024
16.0 262.0 0.0049 10785.2098
41.0 236.0 0.0056 10783.0764
83.0 260.0 0.0042 10787.4542
110.0 262.0 0.0130 10760.9168
135.0 263.0 0.0116 10765.2845
147.0 236.0 0.0049 10785.2524
198.0 243.0 0.0734 10579.9189
226.0 260.0 0.1529 10341.4184
252.0 244.0 0.0380 10685.9462
267.0 257.0 0.0867 10539.8906
310.0 262.0 0.0858 10542.5059
334.0 256.0 0.0141 10757.5802
374.0 241.0 0.0281 10715.6165
395.0 243.0 0.0224 10732.8069
412.0 240.0 0.0242 10727.3476
466.0 238.0 0.0039 10788.3637
498.0 263.0 0.0057 10782.7805
20.0 287.0 0.0054 10783.7800
38.0 277.0 0.0044 10786.8014
85.0 281.0 0.0041 10787.7101
90.0 270.0 0.0036 10789.1343
147.0 282.0 0.0132 10760.4366
157.0 267.0 0.1072 10478.3257
204.0 287.0 0.0034 10789.9198
212.0 290.0 0.1489 10353.1658
254.0 271.0 0.1089 10473.4299
289.0 290.0 0.2015 10195.4589
305.0 293.0 0.0581 10625.7378
342.0 289.0 0.0289 10713.1746
356.0 271.0 0.0282 10715.4956
396.0 281.0 0.0322 10703.4513
439.0 282.0 0.0053 10784.1948
446.0 278.0 0.0049 10785.3046
480.0 266.0 0.0048 10785.5433
5.0 323.0 0.0048 10785.5983
58.0 301.0 0.0050 10785.0534
84.0 294.0 0.0219 10734.3885
112.0 320.0 0.0443 10667.0531
139.0 321.0 0.0215 10735.5173
171.0 302.0 0.1000 10499.8957
186.0 322.0 0.0053 10784.2053
233.0 310.0 0.0274 10717.8794
248.0 317.0 0.0346 10696.3133
268.0 323.0 0.0041 10787.7704
305.0 321.0 0.0136 10759.1897
346.0 318.0 0.0194 10741.7263
366.0 297.0 0.0046 10786.1677
403.0 304.0 0.0050 10784.9429
431.0 307.0 0.0048 10785.6471
467.0 309.0 0.0041 10787.6162
482.0 303.0 0.0051 10784.7316
20.0 352.0 0.0052 10784.3004
36.0 351.0 0.0045 10786.4790
59.0 342.0 0.0137 10758.8648
92.0 351.0 0.0052 10784.4400
120.0 337.0 0.0040 10787.9196
157.0 334.0 0.0447 10666.0070
183.0 327.0 0.0552 10634.3104
225.0 351.0 0.0394 10681.6726
236.0 327.0 0.0041 10787.8070
292.0 329.0 0.0806 10558.2719
311.0 335.0 0.0319 10704.4298
337.0 333.0 0.0193 10742.0939
368.0 349.0 0.0220 10733.8872
387.0 339.0 0.0044 10786.8918
418.0 334.0 0.0217 10734.9631
452.0 330.0 0.0044 10786.7234
487.0 339.0 0.0036 10789.3137
24.0 363.0 0.0051 10784.7864
45.0 353.0 0.0042 10787.4333
87.0 376.0 0.0223 10733.0365
111.0 358.0 0.0228 10731.7143
139.0 379.0 0.0222 10733.5311
168.0 364.0 0.0047 10785.9496
179.0 362.0 0.0131 10760.7608
229.0 376.0 0.0238 10728.6207
249.0 369.0 0.0412 10676.5312
275.0 373.0 0.0137 10758.8159
305.0 353.0 0.0352 10694.5337
337.0 363.0 0.0769 10569.2122
356.0 363.0 0.0312 10706.3653
404.0 367.0 0.0132 10760.2906
418.0 376.0 0.0222 10733.4328
441.0 378.0 0.0047 10785.8811
487.0 377.0 0.0043 10786.9968
2.0 408.0 0.0052 10784.2690
46.0 401.0 0.0046 10786.3125
65.0 388.0 0.0139 10758.2502
106.0 404.0 0.0049 10785.4488
135.0 402.0 0.0428 10671.5425
151.0 384.0 0.0319 10704.3110
188.0 388.0 0.0205 10738.5904
222.0 393.0 0.0233 10730.1700
256.0 402.0 0.0228 10731.6661
269.0 401.0 0.0051 10784.6537
322.0 398.0 0.0121 10763.6985
339.0 396.0 0.0214 10735.7853
373.0 388.0 0.0210 10737.0334
394.0 396.0 0.0138 10758.6279
431.0 382.0 0.0037 10788.9764
452.0 407.0 0.0043 10787.0986
492.0 408.0 0.0050 10785.0960
20.0 418.0 0.0045 10786.5414
57.0 416.0 0.0141 10757.6506
73.0 419.0 0.0049 10785.2784
99.0 430.0 0.0118 10764.5012
139.0 431.0 0.0048 10785.5943
153.0 423.0 0.0054 10783.8561
178.0 437.0 0.0047 10785.9154
212.0 422.0 0.0198 10740.7400
239.0 427.0 0.0042 10787.2725
284.0 421.0 0.0122 10763.4037
320.0 412.0 0.0252 10724.2953
326.0 429.0 0.0140 10757.9078
368.0 423.0 0.0113 10765.9631
392.0 433.0 0.0239 10728.4151
412.0 429.0 0.0227 10731.8581
461.0 434.0 0.0055 10783.5854
484.0 419.0 0.0043 10787.0918
20.0 446.0 0.0042 10787.4085
50.0 452.0 0.0049 10785.3288
64.0 454.0 0.0049 10785.2566
92.0 456.0 0.0039 10788.2820
139.0 450.0 0.0127 10761.9818
176.0 445.0 0.0052 10784.4635
189.0 465.0 0.0044 10786.6528
228.0 442.0 0.0123 10763.0936
255.0 445.0 0.0044 10786.9391
271.0 442.0 0.0042 10787.5434
304.0 462.0 0.0046 10786.3046
324.0 443.0 0.0048 10785.7308
374.0 458.0 0.0043 10787.0682
390.0 463.0 0.0044 10786.7010
431.0 464.0 0.0044 10786.8084
461.0 470.0 0.0045 10786.4659
482.0 468.0 0.0051 10784.6959
19.0 496.0 0.0049 10785.2855
53.0 495.0 0.0047 10785.8011
63.0 490.0 0.0047 10785.7924
113.0 475.0 0.0045 10786.4189
143.0 487.0 0.0052 10784.3192
158.0 498.0 0.0053 10784.0331
184.0 491.0 0.0041 10787.7256
230.0 479.0 0.0052 10784.5496
237.0 496.0 0.0054 10783.9069
266.0 490.0 0.0053 10783.9856
319.0 492.0 0.0050 10785.0875
333.0 488.0 0.0048 10785.5526
374.0 474.0 0.0053 10784.1460
389.0 482.0 0.0055 10783.5579
430.0 481.0 0.0046 10786.1805
455.0 492.0 0.0047 10785.8070
482.0 471.0 0.0042 10787.2629
214.0 317.0 0.0287 10713.7717
40.0 338.0 0.0044 10786.7179
497.0 63.0 0.0051 10784.6579
467.0 72.0 0.0042 10787.5080
126.0 396.0 0.0047 10785.8587
458.0 407.0 0.0051 10784.8465
484.0 262.0 0.0048 10785.6239
0.0 21.0 0.0044 10786.8584
103.0 35.0 0.0058 10782.6569
496.0 50.0 0.0048 10785.7286
168.0 491.0 0.0045 10786.3847
