13.0 15.0 0.0042 10787.5095
50.0 15.0 0.0048 10785.6246
82.0 19.0 0.0042 10787.5242
113.0 16.0 0.0045 10786.4352
146.0 16.0 0.0043 10787.0149
183.0 17.0 0.0043 10787.0968
217.0 14.0 0.0039 10788.2151
253.0 17.0 0.0045 10786.5126
282.0 17.0 0.0042 10787.3779
319.0 16.0 0.0042 10787.2746
352.0 15.0 0.0045 10786.3862
384.0 18.0 0.0043 10787.2055
415.0 17.0 0.0039 10788.2032
446.0 13.0 0.0045 10786.5670
485.0 19.0 0.0057 10782.7983
19.0 48.0 0.0053 10784.1503
51.0 47.0 0.0041 10787.6976
85.0 48.0 0.0120 10763.9494
114.0 50.0 0.0039 10788.2157
149.0 48.0 0.0043 10787.1432
184.0 49.0 0.0039 10788.2132
216.0 51.0 0.0043 10786.9668
250.0 52.0 0.0036 10789.1400
283.0 46.0 0.0049 10785.3957
315.0 46.0 0.0041 10787.7185
349.0 51.0 0.0041 10787.6835
384.0 52.0 0.0162 10751.4947
416.0 50.0 0.0041 10787.7185
451.0 48.0 0.0042 10787.3487
484.0 46.0 0.0039 10788.4148
15.0 82.0 0.0040 10788.0213
51.0 80.0 0.0043 10787.0091
84.0 84.0 0.0040 10788.0525
115.0 81.0 0.0217 10734.9789
151.0 82.0 0.0199 10740.1891
182.0 83.0 0.0127 10761.8178
213.0 80.0 0.0044 10786.7188
250.0 83.0 0.0120 10763.9725
282.0 80.0 0.0129 10761.2840
313.0 85.0 0.0119 10764.2099
350.0 82.0 0.0126 10762.1105
384.0 80.0 0.0133 10760.2196
419.0 80.0 0.0210 10736.9952
449.0 80.0 0.0043 10787.0763
484.0 81.0 0.0042 10787.3856
18.0 117.0 0.0058 10782.5945
50.0 114.0 0.0040 10787.9743
80.0 113.0 0.0213 10736.2493
113.0 117.0 0.0292 10712.2840
147.0 118.0 0.0196 10741.2743
184.0 115.0 0.0128 10761.5540
215.0 113.0 0.0127 10762.0166
248.0 119.0 0.0272 10718.4295
285.0 115.0 0.0124 10762.8188
319.0 114.0 0.0317 10704.9238
352.0 116.0 0.0321 10703.7139
386.0 119.0 0.0211 10736.6346
418.0 115.0 0.0215 10735.3548
449.0 115.0 0.0043 10786.9679
485.0 117.0 0.0044 10786.9383
19.0 150.0 0.0042 10787.2867
51.0 147.0 0.0039 10788.4025
84.0 147.0 0.0044 10786.8774
116.0 148.0 0.0125 10762.4603
149.0 153.0 0.0696 10591.0633
180.0 146.0 0.0303 10709.2224
217.0 150.0 0.0214 10735.8303
250.0 151.0 0.0498 10650.6969
285.0 149.0 0.0207 10737.8944
318.0 151.0 0.0456 10663.2742
348.0 150.0 0.0211 10736.7375
382.0 148.0 0.0126 10762.0600
418.0 148.0 0.0045 10786.6328
448.0 152.0 0.0039 10788.3681
481.0 148.0 0.0042 10787.2595
14.0 184.0 0.0049 10785.4439
52.0 182.0 0.0043 10787.0002
82.0 183.0 0.0126 10762.1128
115.0 183.0 0.0116 10765.1070
148.0 181.0 0.0476 10657.3272
185.0 180.0 0.0444 10666.6648
218.0 185.0 0.0920 10524.1392
249.0 185.0 0.0641 10607.8013
282.0 182.0 0.0394 10681.7124
317.0 181.0 0.0223 10733.0054
350.0 182.0 0.0211 10736.7052
385.0 184.0 0.0125 10762.3642
415.0 182.0 0.0123 10763.1317
451.0 184.0 0.0046 10786.2432
482.0 182.0 0.0045 10786.5885
13.0 218.0 0.0042 10787.4533
51.0 214.0 0.0038 10788.6026
85.0 218.0 0.0294 10711.8106
117.0 217.0 0.0207 10737.9296
149.0 214.0 0.0396 10681.3122
180.0 213.0 0.0210 10737.0734
216.0 217.0 0.0727 10582.0097
251.0 217.0 0.0859 10542.3716
282.0 216.0 0.0922 10523.5298
318.0 216.0 0.0043 10787.2365
350.0 216.0 0.0372 10688.3486
384.0 219.0 0.0125 10762.4093
414.0 219.0 0.0127 10761.8984
450.0 216.0 0.0043 10787.1741
480.0 217.0 0.0047 10785.9492
18.0 251.0 0.0043 10787.1795
51.0 253.0 0.0044 10786.9327
80.0 249.0 0.0195 10741.4624
113.0 250.0 0.0114 10765.8574
153.0 246.0 0.0648 10605.5992
184.0 252.0 0.0728 10581.7360
218.0 247.0 0.2270 10119.1096
248.0 250.0 0.0022 10793.4748
281.0 253.0 0.1579 10326.1866
317.0 248.0 0.1045 10486.6147
348.0 253.0 0.0444 10666.7116
383.0 248.0 0.0263 10721.1648
415.0 253.0 0.0041 10787.7023
450.0 246.0 0.0034 10789.8615
484.0 252.0 0.0050 10785.0545
13.0 283.0 0.0039 10788.2905
46.0 280.0 0.0039 10788.1854
81.0 284.0 0.0043 10787.0232
118.0 281.0 0.0283 10714.9673
150.0 280.0 0.0372 10688.2991
182.0 281.0 0.0294 10711.6746
216.0 282.0 0.0509 10647.2442
251.0 286.0 0.0925 10522.3578
280.0 282.0 0.0563 10630.9932
317.0 280.0 0.1023 10492.9560
348.0 281.0 0.0543 10637.2336
386.0 281.0 0.0119 10764.2254
416.0 280.0 0.0132 10760.5476
449.0 283.0 0.0041 10787.5991
480.0 285.0 0.0054 10783.6553
19.0 313.0 0.0050 10785.0888
49.0 314.0 0.0041 10787.6310
85.0 316.0 0.0121 10763.7304
114.0 316.0 0.0214 10735.9123
148.0 314.0 0.0127 10762.0292
181.0 313.0 0.0784 10564.6548
217.0 313.0 0.0692 10592.3666
250.0 316.0 0.1117 10464.8708
284.0 318.0 0.0359 10692.4397
314.0 317.0 0.0204 10738.9266
352.0 319.0 0.0129 10761.2157
381.0 317.0 0.0125 10762.5947
415.0 316.0 0.0124 10762.7521
448.0 318.0 0.0038 10788.6840
480.0 319.0 0.0047 10785.9006
18.0 351.0 0.0041 10787.7432
46.0 353.0 0.0044 10786.8963
81.0 350.0 0.0044 10786.8854
113.0 348.0 0.0295 10711.5750
148.0 346.0 0.0551 10634.6644
181.0 348.0 0.0365 10690.4730
218.0 352.0 0.0208 10737.5295
246.0 350.0 0.0175 10747.6312
284.0 347.0 0.0119 10764.3874
316.0 349.0 0.0457 10662.7606
352.0 351.0 0.0475 10657.5486
384.0 352.0 0.0130 10760.8600
414.0 347.0 0.0039 10788.3309
452.0 348.0 0.0044 10786.7096
481.0 353.0 0.0040 10787.8593
15.0 386.0 0.0051 10784.8120
47.0 381.0 0.0043 10787.0064
81.0 383.0 0.0210 10737.0506
113.0 381.0 0.0129 10761.2089
148.0 380.0 0.0366 10690.1336
185.0 382.0 0.0045 10786.5835
215.0 384.0 0.0297 10711.0074
251.0 385.0 0.0343 10697.1118
285.0 386.0 0.0049 10785.4485
316.0 384.0 0.0123 10763.0986
347.0 380.0 0.0131 10760.6052
382.0 384.0 0.0201 10739.8158
419.0 382.0 0.0125 10762.4548
448.0 386.0 0.0043 10787.2465
482.0 385.0 0.0048 10785.7457
16.0 419.0 0.0043 10786.9540
52.0 413.0 0.0148 10755.5678
80.0 414.0 0.0124 10762.9311
118.0 419.0 0.0221 10733.8366
148.0 414.0 0.0115 10765.5401
180.0 418.0 0.0128 10761.5840
215.0 417.0 0.0045 10786.6452
252.0 414.0 0.0121 10763.7087
282.0 414.0 0.0130 10761.1235
316.0 418.0 0.0042 10787.2974
349.0 414.0 0.0129 10761.2175
383.0 414.0 0.0200 10739.8514
418.0 413.0 0.0230 10730.9773
452.0 416.0 0.0054 10783.7333
484.0 417.0 0.0041 10787.5854
19.0 448.0 0.0050 10784.9202
51.0 448.0 0.0046 10786.1991
85.0 448.0 0.0043 10787.1793
119.0 451.0 0.0042 10787.4204
151.0 447.0 0.0051 10784.6604
180.0 451.0 0.0045 10786.6289
216.0 451.0 0.0041 10787.6837
246.0 450.0 0.0035 10789.5660
283.0 450.0 0.0038 10788.5211
316.0 447.0 0.0052 10784.2739
350.0 451.0 0.0044 10786.9279
382.0 450.0 0.0041 10787.7180
416.0 447.0 0.0118 10764.7485
449.0 448.0 0.0044 10786.7969
482.0 451.0 0.0042 10787.3520
14.0 483.0 0.0048 10785.6158
49.0 481.0 0.0039 10788.2542
86.0 486.0 0.0041 10787.5526
119.0 485.0 0.0038 10788.5521
148.0 486.0 0.0044 10786.9243
181.0 480.0 0.0055 10783.4299
213.0 482.0 0.0041 10787.5990
247.0 484.0 0.0053 10784.1118
284.0 484.0 0.0044 10786.7601
313.0 486.0 0.0043 10787.2055
347.0 481.0 0.0051 10784.6721
381.0 484.0 0.0048 10785.7114
418.0 485.0 0.0045 10786.5709
451.0 482.0 0.0044 10786.9366
485.0 483.0 0.0043 10787.1297
236.0 344.0 0.0400 10679.9150
412.0 141.0 0.0040 10787.9594
359.0 170.0 0.0327 10701.7558
29.0 338.0 0.0052 10784.4746
288.0 173.0 0.0413 10676.0332
428.0 174.0 0.0140 10758.0999
239.0 80.0 0.0038 10788.6186
314.0 214.0 0.0461 10661.8145
402.0 242.0 0.0412 10676.3898
115.0 458.0 0.0047 10785.8306
72.0 185.0 0.0150 10754.9060
240.0 173.0 0.0444 10666.8199
436.0 285.0 0.0056 10783.1693
267.0 20.0 0.0043 10787.1188
221.0 400.0 0.0325 10702.5770
186.0 453.0 0.0044 10786.6839
275.0 428.0 0.0126 10762.0542
91.0 92.0 0.0133 10760.1761
476.0 192.0 0.0052 10784.5005
133.0 7.0 0.0041 10787.8247
412.0 337.0 0.0229 10731.2755
357.0 351.0 0.0304 10708.7888
39.0 189.0 0.0045 10786.5180
221.0 90.0 0.0381 10685.5970
87.0 341.0 0.0143 10757.0025
