11.0 2.0 0.0045 10786.4237
37.0 30.0 0.0045 10786.4830
86.0 17.0 0.0047 10785.8022
122.0 30.0 0.0048 10785.5748
159.0 3.0 0.0046 10786.1468
200.0 11.0 0.0028 10791.4545
203.0 10.0 0.0028 10791.4551
245.0 31.0 0.0048 10785.5254
292.0 34.0 0.0046 10786.2714
316.0 26.0 0.0052 10784.4180
365.0 8.0 0.0050 10784.8890
392.0 10.0 0.0050 10784.9429
403.0 26.0 0.0049 10785.2403
438.0 33.0 0.0046 10786.3233
467.0 3.0 0.0043 10787.1520
24.0 45.0 0.0049 10785.4116
43.0 45.0 0.0052 10784.5454
91.0 60.0 0.0053 10784.0169
125.0 44.0 0.0047 10785.9244
137.0 60.0 0.0124 10762.8761
182.0 50.0 0.0043 10787.0412
214.0 62.0 0.0260 10721.9464
246.0 47.0 0.0041 10787.8439
298.0 38.0 0.0046 10786.1541
323.0 58.0 0.0369 10689.3411
341.0 54.0 0.0054 10783.7037
381.0 34.0 0.0053 10784.1986
405.0 38.0 0.0141 10757.8029
435.0 32.0 0.0041 10787.6609
478.0 46.0 0.0047 10785.7735
23.0 88.0 0.0043 10787.2028
34.0 84.0 0.0137 10758.9867
88.0 78.0 0.0042 10787.4495
98.0 86.0 0.0217 10734.8550
138.0 77.0 0.0115 10765.5064
174.0 66.0 0.0040 10787.9552
220.0 100.0 0.0044 10786.9306
260.0 101.0 0.0051 10784.7600
296.0 68.0 0.0045 10786.5012
311.0 77.0 0.0147 10756.0193
332.0 100.0 0.0143 10756.9938
381.0 81.0 0.0295 10711.3806
402.0 81.0 0.0034 10789.7485
466.0 88.0 0.0045 10786.4172
487.0 69.0 0.0045 10786.3944
7.0 124.0 0.0061 10781.5925
46.0 110.0 0.0045 10786.5866
94.0 117.0 0.0315 10705.6230
125.0 132.0 0.0217 10735.0414
160.0 101.0 0.0144 10756.7776
171.0 128.0 0.0701 10589.6338
218.0 119.0 0.0211 10736.7166
245.0 122.0 0.0405 10678.5749
281.0 109.0 0.0043 10787.1636
313.0 114.0 0.0528 10641.5401
337.0 102.0 0.0049 10785.2626
366.0 126.0 0.0151 10754.8137
420.0 112.0 0.0194 10741.8480
434.0 107.0 0.0049 10785.3047
474.0 122.0 0.0048 10785.6660
21.0 168.0 0.0045 10786.6218
59.0 163.0 0.0046 10786.2453
93.0 148.0 0.0517 10644.8419
118.0 165.0 0.0053 10784.2261
138.0 134.0 0.0224 10732.7537
177.0 162.0 0.0607 10617.7980
218.0 160.0 0.0050 10785.0118
261.0 151.0 0.0222 10733.2551
297.0 148.0 0.0130 10761.1227
300.0 160.0 0.0051 10784.8433
338.0 161.0 0.0049 10785.2524
391.0 149.0 0.0136 10759.0742
418.0 149.0 0.0130 10760.9503
442.0 148.0 0.0114 10765.8358
498.0 132.0 0.0050 10785.0912
29.0 185.0 0.0049 10785.1683
62.0 168.0 0.0048 10785.7127
71.0 193.0 0.0044 10786.6771
128.0 175.0 0.0042 10787.5211
163.0 168.0 0.0410 10676.9564
192.0 181.0 0.0470 10658.8591
208.0 178.0 0.0398 10680.5676
259.0 185.0 0.2446 10066.1540
273.0 178.0 0.0043 10787.1873
319.0 183.0 0.0322 10703.4220
345.0 171.0 0.0240 10728.0852
386.0 175.0 0.0503 10649.2077
428.0 181.0 0.0219 10734.3457
437.0 170.0 0.0049 10785.2366
498.0 174.0 0.0040 10787.8622
21.0 210.0 0.0054 10783.8520
38.0 217.0 0.0037 10788.7903
101.0 220.0 0.0142 10757.3247
133.0 206.0 0.0217 10734.9695
145.0 226.0 0.0137 10758.9154
187.0 216.0 0.0847 10546.0305
232.0 227.0 0.0988 10503.5474
234.0 221.0 0.0337 10698.9747
273.0 227.0 0.0147 10755.7716
325.0 204.0 0.1154 10453.9458
340.0 205.0 0.0039 10788.3169
380.0 227.0 0.0214 10735.7817
405.0 225.0 0.0049 10785.2698
450.0 219.0 0.0050 10784.9098
500.0 212.0 0.0052 10784.3795
3.0 232.0 0.0051 10784.8488
38.0 252.0 0.0050 10785.0451
94.0 251.0 0.0221 10733.6652
105.0 239.0 0.0205 10738.6193
152.0 255.0 0.0054 10783.8684
180.0 251.0 0.0667 10599.8161
203.0 248.0 0.0710 10586.9740
251.0 234.0 0.0940 10517.9696
278.0 253.0 0.0575 10627.4807
311.0 266.0 0.0259 10722.3363
365.0 231.0 0.0696 10591.1660
384.0 268.0 0.0048 10785.6437
401.0 257.0 0.0227 10731.8148
435.0 262.0 0.0039 10788.4005
480.0 247.0 0.0048 10785.6650
24.0 280.0 0.0039 10788.1849
60.0 285.0 0.0173 10747.9894
77.0 277.0 0.0134 10759.8113
119.0 266.0 0.0578 10626.5279
161.0 278.0 0.0318 10704.4852
187.0 296.0 0.1816 10255.3247
219.0 285.0 0.1001 10499.5925
260.0 272.0 0.1877 10236.9047
289.0 293.0 0.0889 10533.4438
305.0 277.0 0.0423 10673.1354
339.0 287.0 0.0480 10656.0006
366.0 285.0 0.0367 10689.7527
401.0 300.0 0.0223 10733.2369
433.0 270.0 0.0128 10761.5641
482.0 282.0 0.0050 10784.8894
2.0 334.0 0.0041 10787.5987
40.0 326.0 0.0045 10786.6244
95.0 304.0 0.0041 10787.8011
122.0 329.0 0.0198 10740.4834
158.0 327.0 0.0042 10787.3341
165.0 317.0 0.0728 10581.6708
204.0 334.0 0.0403 10679.1683
246.0 316.0 0.0583 10625.1389
279.0 311.0 0.0500 10650.0614
332.0 310.0 0.0048 10785.5813
338.0 309.0 0.0045 10786.3515
374.0 325.0 0.0323 10703.0306
405.0 328.0 0.0047 10785.7843
451.0 303.0 0.0046 10786.0957
473.0 328.0 0.0049 10785.4345
34.0 338.0 0.0049 10785.1738
65.0 335.0 0.0050 10784.8890
92.0 362.0 0.0227 10731.7750
109.0 362.0 0.0290 10712.8530
145.0 347.0 0.0039 10788.1626
169.0 365.0 0.0920 10523.9445
220.0 363.0 0.0204 10738.8955
253.0 356.0 0.0403 10679.0374
279.0 340.0 0.0272 10718.3112
318.0 351.0 0.0111 10766.8330
359.0 358.0 0.0305 10708.5955
385.0 358.0 0.0311 10706.8017
427.0 338.0 0.0213 10736.0760
450.0 344.0 0.0045 10786.5465
500.0 347.0 0.0039 10788.2159
9.0 389.0 0.0052 10784.3032
51.0 395.0 0.0039 10788.2405
84.0 384.0 0.0236 10729.1621
100.0 398.0 0.0215 10735.6022
158.0 377.0 0.0415 10675.6470
167.0 385.0 0.0037 10788.8413
233.0 400.0 0.0400 10680.0724
238.0 401.0 0.0052 10784.4175
269.0 376.0 0.0387 10683.8930
306.0 385.0 0.0463 10661.1390
359.0 399.0 0.0368 10689.5744
374.0 401.0 0.0047 10785.9352
414.0 383.0 0.0126 10762.2909
451.0 374.0 0.0055 10783.4919
465.0 391.0 0.0049 10785.4128
9.0 412.0 0.0047 10785.8528
48.0 430.0 0.0044 10786.8678
87.0 423.0 0.0228 10731.6254
109.0 408.0 0.0039 10788.2135
137.0 401.0 0.0147 10755.8433
171.0 424.0 0.0118 10764.5222
228.0 401.0 0.0052 10784.4392
256.0 434.0 0.0043 10787.0434
293.0 426.0 0.0221 10733.7843
334.0 419.0 0.0038 10788.6578
339.0 416.0 0.0050 10784.9999
372.0 433.0 0.0215 10735.5434
432.0 398.0 0.0222 10733.2542
452.0 410.0 0.0051 10784.7344
468.0 399.0 0.0041 10787.6424
11.0 442.0 0.0042 10787.5266
42.0 443.0 0.0046 10786.1203
74.0 444.0 0.0055 10783.5086
117.0 437.0 0.0144 10756.8860
145.0 441.0 0.0127 10761.7780
201.0 464.0 0.0042 10787.3702
213.0 433.0 0.0141 10757.7506
259.0 450.0 0.0040 10788.0703
271.0 456.0 0.0043 10787.2275
329.0 441.0 0.0050 10784.8627
348.0 456.0 0.0048 10785.5035
391.0 467.0 0.0039 10788.2446
404.0 451.0 0.0114 10765.6720
456.0 445.0 0.0044 10786.6764
493.0 447.0 0.0044 10786.6536
24.0 475.0 0.0049 10785.1986
67.0 475.0 0.0045 10786.4918
77.0 496.0 0.0050 10785.0236
126.0 496.0 0.0043 10787.1561
159.0 482.0 0.0042 10787.3307
174.0 483.0 0.0052 10784.4488
205.0 483.0 0.0044 10786.6680
250.0 468.0 0.0041 10787.6682
284.0 471.0 0.0053 10784.1564
307.0 490.0 0.0036 10789.3328
337.0 474.0 0.0035 10789.3555
371.0 476.0 0.0048 10785.5165
428.0 480.0 0.0041 10787.6688
453.0 479.0 0.0048 10785.5496
471.0 493.0 0.0044 10786.9015
57.0 256.0 0.0036 10789.1599
459.0 255.0 0.0046 10786.2434
459.0 409.0 0.0052 10784.4700
142.0 464.0 0.0053 10784.1888
225.0 413.0 0.0222 10733.4910
44.0 46.0 0.0051 10784.8003
149.0 238.0 0.0045 10786.5488
326.0 284.0 0.0957 10513.0180
24.0 112.0 0.0046 10786.3335
185.0 487.0 0.0047 10785.9435
497.0 86.0 0.0050 10784.9976
7.0 404.0 0.0045 10786.4958
237.0 432.0 0.0048 10785.5260
295.0 455.0 0.0043 10787.2250
211.0 473.0 0.0043 10787.1109
21.0 368.0 0.0054 10783.8369
3.0 345.0 0.0042 10787.3927
69.0 493.0 0.0042 10787.3467
417.0 486.0 0.0038 10788.5139
441.0 37.0 0.0039 10788.2840
106.0 452.0 0.0035 10789.5544
5.0 239.0 0.0053 10784.1222
329.0 329.0 0.0686 10594.1971
273.0 111.0 0.0798 10560.5670
79.0 9.0 0.0043 10787.2367
