17.0 20.0 0.0040 10787.9660
50.0 12.0 0.0044 10786.7475
81.0 16.0 0.0056 10783.0996
112.0 16.0 0.0048 10785.6816
151.0 15.0 0.0043 10786.9968
184.0 13.0 0.0040 10788.1084
219.0 21.0 0.0032 10790.4723
249.0 11.0 0.0045 10786.3618
286.0 17.0 0.0038 10788.6219
317.0 14.0 0.0044 10786.8854
347.0 17.0 0.0038 10788.6522
381.0 19.0 0.0051 10784.7744
415.0 12.0 0.0043 10786.9700
447.0 17.0 0.0058 10782.4960
481.0 14.0 0.0044 10786.7130
15.0 54.0 0.0052 10784.5357
47.0 50.0 0.0045 10786.4808
87.0 51.0 0.0139 10758.2693
115.0 51.0 0.0037 10788.7965
152.0 49.0 0.0053 10784.1924
187.0 50.0 0.0053 10784.1708
213.0 52.0 0.0042 10787.2937
245.0 47.0 0.0038 10788.6698
279.0 51.0 0.0044 10786.8797
315.0 52.0 0.0038 10788.6217
350.0 50.0 0.0047 10785.8427
388.0 53.0 0.0047 10785.9565
418.0 52.0 0.0210 10736.9184
451.0 52.0 0.0041 10787.6358
478.0 49.0 0.0045 10786.6147
13.0 86.0 0.0043 10787.0805
45.0 86.0 0.0048 10785.6200
86.0 85.0 0.0117 10764.9499
118.0 78.0 0.0042 10787.3032
145.0 79.0 0.0141 10757.6442
181.0 85.0 0.0201 10739.6478
217.0 82.0 0.0294 10711.8010
251.0 78.0 0.0045 10786.3741
285.0 83.0 0.0298 10710.6437
321.0 79.0 0.0216 10735.0908
349.0 85.0 0.0049 10785.3792
387.0 84.0 0.0226 10732.1889
415.0 85.0 0.0043 10787.0492
450.0 83.0 0.0044 10786.8854
488.0 82.0 0.0046 10786.1220
21.0 113.0 0.0050 10784.8625
48.0 120.0 0.0042 10787.2867
82.0 121.0 0.0204 10738.7133
117.0 113.0 0.0051 10784.7086
148.0 115.0 0.0289 10713.1614
187.0 111.0 0.0045 10786.6436
217.0 121.0 0.0038 10788.7099
247.0 117.0 0.0350 10694.9501
281.0 113.0 0.0124 10762.8165
312.0 120.0 0.0124 10762.7209
345.0 113.0 0.0137 10758.8053
383.0 117.0 0.0389 10683.3838
414.0 115.0 0.0287 10713.8938
453.0 117.0 0.0047 10786.0291
482.0 115.0 0.0043 10787.1132
16.0 148.0 0.0044 10786.6977
46.0 147.0 0.0044 10786.9450
86.0 154.0 0.0262 10721.4091
121.0 148.0 0.0272 10718.5051
151.0 151.0 0.0410 10676.9868
187.0 150.0 0.0434 10669.7629
219.0 147.0 0.0292 10712.5491
253.0 154.0 0.0801 10559.6117
287.0 149.0 0.0382 10685.3641
315.0 147.0 0.0042 10787.4140
347.0 147.0 0.0043 10787.2180
381.0 151.0 0.0209 10737.2747
412.0 153.0 0.0137 10758.7856
448.0 149.0 0.0039 10788.4229
484.0 145.0 0.0046 10786.2559
14.0 186.0 0.0046 10786.3344
45.0 180.0 0.0046 10786.0610
84.0 178.0 0.0128 10761.5185
119.0 184.0 0.0281 10715.8027
153.0 185.0 0.0143 10757.1560
179.0 187.0 0.0756 10573.2818
214.0 185.0 0.0124 10762.8296
247.0 184.0 0.0808 10557.6836
286.0 186.0 0.1099 10470.2716
316.0 183.0 0.0496 10651.1201
351.0 187.0 0.0471 10658.5746
387.0 184.0 0.0127 10761.9270
412.0 179.0 0.0120 10763.9995
454.0 186.0 0.0048 10785.6231
486.0 181.0 0.0048 10785.4576
11.0 214.0 0.0050 10785.1273
54.0 220.0 0.0037 10788.9567
80.0 220.0 0.0128 10761.5491
114.0 218.0 0.0129 10761.2877
148.0 218.0 0.0463 10661.2276
184.0 213.0 0.0374 10687.9132
215.0 213.0 0.0371 10688.6916
245.0 217.0 0.0998 10500.4597
282.0 216.0 0.0525 10642.6216
317.0 219.0 0.0203 10739.0380
351.0 215.0 0.0375 10687.3678
383.0 220.0 0.0130 10761.0867
412.0 219.0 0.0123 10763.1772
447.0 218.0 0.0039 10788.4039
487.0 220.0 0.0053 10784.1825
19.0 253.0 0.0039 10788.3248
54.0 249.0 0.0039 10788.4248
87.0 250.0 0.0257 10722.9037
118.0 247.0 0.0189 10743.2408
148.0 249.0 0.0649 10605.4372
183.0 250.0 0.0584 10624.9476
213.0 245.0 0.2008 10197.7385
247.0 248.0 0.0022 10793.4630
280.0 249.0 0.1557 10332.8698
312.0 249.0 0.0625 10612.5260
349.0 251.0 0.0928 10521.6442
386.0 246.0 0.0281 10715.8269
418.0 249.0 0.0042 10787.3446
448.0 246.0 0.0031 10790.5546
485.0 247.0 0.0046 10786.0556
15.0 283.0 0.0041 10787.5997
52.0 282.0 0.0050 10785.1192
82.0 283.0 0.0118 10764.6388
114.0 279.0 0.0123 10763.1128
151.0 287.0 0.0278 10716.6237
186.0 286.0 0.0208 10737.4916
215.0 287.0 0.1239 10428.2869
252.0 288.0 0.1784 10264.9216
285.0 284.0 0.0300 10710.0188
316.0 280.0 0.0614 10615.7619
350.0 285.0 0.0048 10785.4900
386.0 287.0 0.0127 10761.7901
415.0 281.0 0.0041 10787.6928
451.0 284.0 0.0042 10787.4959
486.0 283.0 0.0047 10785.9520
20.0 319.0 0.0039 10788.3187
52.0 316.0 0.0039 10788.3572
80.0 320.0 0.0201 10739.8109
114.0 313.0 0.0129 10761.1904
154.0 317.0 0.0595 10621.5208
179.0 312.0 0.0542 10637.4556
219.0 314.0 0.0198 10740.7191
253.0 314.0 0.0194 10741.7336
285.0 316.0 0.0613 10616.1159
318.0 319.0 0.0466 10660.1746
348.0 312.0 0.0271 10718.8320
385.0 313.0 0.0128 10761.6630
411.0 312.0 0.0139 10758.2727
450.0 316.0 0.0037 10788.9898
479.0 316.0 0.0056 10783.1002
16.0 353.0 0.0039 10788.3484
45.0 353.0 0.0045 10786.4577
78.0 353.0 0.0319 10704.1838
113.0 347.0 0.0213 10736.1559
153.0 350.0 0.0698 10590.7153
181.0 351.0 0.0038 10788.5588
214.0 346.0 0.0274 10717.6785
250.0 349.0 0.0988 10503.6453
279.0 347.0 0.0114 10765.8634
316.0 350.0 0.0246 10726.2560
353.0 354.0 0.0402 10679.5498
386.0 354.0 0.0042 10787.4586
415.0 352.0 0.0210 10736.8744
453.0 351.0 0.0045 10786.6299
486.0 351.0 0.0046 10786.2507
17.0 385.0 0.0040 10787.8772
49.0 386.0 0.0044 10786.7925
84.0 379.0 0.0136 10759.0748
114.0 381.0 0.0209 10737.3260
147.0 386.0 0.0216 10735.1500
180.0 384.0 0.0129 10761.3723
221.0 380.0 0.0138 10758.6214
252.0 378.0 0.0325 10702.5629
288.0 380.0 0.0126 10762.1214
316.0 380.0 0.0361 10691.8201
348.0 386.0 0.0047 10786.0384
378.0 378.0 0.0310 10706.9444
421.0 380.0 0.0044 10786.9396
445.0 383.0 0.0047 10786.0324
483.0 380.0 0.0041 10787.8435
16.0 415.0 0.0052 10784.2669
52.0 417.0 0.0124 10762.9434
78.0 413.0 0.0045 10786.5410
118.0 417.0 0.0122 10763.3892
153.0 412.0 0.0236 10729.2775
188.0 413.0 0.0147 10755.7865
214.0 414.0 0.0286 10714.3096
251.0 420.0 0.0120 10763.9800
287.0 418.0 0.0204 10738.8018
312.0 419.0 0.0043 10787.0586
351.0 413.0 0.0128 10761.5166
379.0 417.0 0.0205 10738.3859
414.0 412.0 0.0224 10732.6957
452.0 416.0 0.0050 10785.0762
480.0 413.0 0.0052 10784.3088
14.0 445.0 0.0044 10786.8949
48.0 454.0 0.0053 10784.0735
79.0 453.0 0.0051 10784.8281
115.0 451.0 0.0039 10788.1522
145.0 453.0 0.0042 10787.4760
183.0 446.0 0.0045 10786.5216
216.0 453.0 0.0046 10786.1240
252.0 448.0 0.0037 10788.8328
286.0 445.0 0.0040 10788.0776
316.0 446.0 0.0039 10788.1565
351.0 447.0 0.0044 10786.8432
380.0 447.0 0.0050 10785.1449
418.0 448.0 0.0128 10761.5420
449.0 453.0 0.0047 10785.9378
486.0 452.0 0.0047 10785.8592
19.0 483.0 0.0044 10786.7557
54.0 483.0 0.0043 10787.0909
87.0 485.0 0.0042 10787.4674
121.0 478.0 0.0036 10789.0802
152.0 482.0 0.0045 10786.4220
180.0 488.0 0.0048 10785.5298
218.0 479.0 0.0032 10790.2785
251.0 487.0 0.0049 10785.4477
279.0 486.0 0.0041 10787.7103
314.0 486.0 0.0040 10788.1148
352.0 480.0 0.0052 10784.4893
385.0 484.0 0.0049 10785.3543
416.0 487.0 0.0045 10786.5674
453.0 478.0 0.0044 10786.9041
479.0 488.0 0.0040 10787.9864
367.0 371.0 0.0143 10756.9582
143.0 12.0 0.0045 10786.5317
230.0 298.0 0.0174 10747.7856
493.0 33.0 0.0045 10786.5971
140.0 278.0 0.0129 10761.1795
109.0 442.0 0.0039 10788.3890
309.0 307.0 0.0300 10709.8513
222.0 2.0 0.0049 10785.1932
253.0 233.0 0.1545 10336.5922
349.0 154.0 0.0750 10574.9229
45.0 137.0 0.0144 10756.7442
177.0 268.0 0.0042 10787.3016
200.0 124.0 0.0131 10760.8478
415.0 104.0 0.0124 10762.8991
2.0 375.0 0.0045 10786.5781
88.0 410.0 0.0226 10732.2001
16.0 382.0 0.0047 10785.9598
254.0 139.0 0.0045 10786.4680
225.0 427.0 0.0046 10786.3239
409.0 263.0 0.0347 10695.9569
176.0 64.0 0.0145 10756.4479
290.0 324.0 0.0047 10785.7503
264.0 436.0 0.0049 10785.4156
317.0 383.0 0.0120 10764.1073
428.0 32.0 0.0047 10785.9331
