16.0 19.0 0.0035 10789.4518
48.0 17.0 0.0038 10788.5498
84.0 21.0 0.0041 10787.6786
121.0 20.0 0.0041 10787.6058
153.0 19.0 0.0042 10787.5025
188.0 10.0 0.0043 10787.1494
223.0 12.0 0.0040 10787.8810
254.0 20.0 0.0049 10785.1548
283.0 10.0 0.0048 10785.6852
322.0 14.0 0.0043 10787.0472
351.0 21.0 0.0051 10784.8381
379.0 12.0 0.0042 10787.4376
423.0 16.0 0.0046 10786.1040
448.0 12.0 0.0046 10786.0732
479.0 20.0 0.0051 10784.5846
13.0 52.0 0.0044 10786.8552
51.0 49.0 0.0042 10787.4660
76.0 50.0 0.0047 10785.7721
115.0 46.0 0.0039 10788.4005
147.0 50.0 0.0039 10788.3732
184.0 48.0 0.0042 10787.4959
216.0 48.0 0.0047 10785.9240
249.0 53.0 0.0037 10788.8323
285.0 55.0 0.0046 10786.2755
317.0 53.0 0.0042 10787.4236
356.0 43.0 0.0054 10783.7853
383.0 51.0 0.0139 10758.3960
410.0 54.0 0.0051 10784.7605
448.0 47.0 0.0045 10786.5988
488.0 54.0 0.0039 10788.4092
14.0 81.0 0.0041 10787.6226
50.0 77.0 0.0128 10761.7380
86.0 77.0 0.0192 10742.4806
117.0 82.0 0.0200 10739.9991
153.0 82.0 0.0155 10753.4565
185.0 85.0 0.0119 10764.1846
210.0 89.0 0.0183 10745.0224
247.0 84.0 0.0112 10766.4227
286.0 80.0 0.0274 10717.8586
311.0 82.0 0.0050 10785.0574
350.0 77.0 0.0293 10711.9888
379.0 85.0 0.0231 10730.7054
419.0 79.0 0.0228 10731.5157
455.0 85.0 0.0046 10786.2878
483.0 86.0 0.0040 10787.8500
21.0 119.0 0.0046 10786.1464
51.0 116.0 0.0037 10788.8426
76.0 122.0 0.0124 10762.8128
120.0 116.0 0.0292 10712.4481
143.0 115.0 0.0366 10690.1962
180.0 110.0 0.0131 10760.7097
222.0 113.0 0.0123 10763.2464
248.0 122.0 0.0266 10720.3011
283.0 122.0 0.0199 10740.3914
316.0 122.0 0.0190 10742.9326
350.0 120.0 0.0349 10695.3672
386.0 122.0 0.0126 10762.1286
420.0 120.0 0.0131 10760.5892
454.0 118.0 0.0049 10785.4070
481.0 114.0 0.0042 10787.2711
16.0 144.0 0.0049 10785.4463
55.0 154.0 0.0038 10788.5588
87.0 144.0 0.0138 10758.6396
114.0 144.0 0.0128 10761.4657
150.0 144.0 0.0462 10661.3788
182.0 154.0 0.0430 10670.9072
215.0 147.0 0.0419 10674.3323
253.0 144.0 0.0956 10513.1223
286.0 147.0 0.0044 10786.8271
320.0 147.0 0.0836 10549.2569
345.0 153.0 0.0198 10740.7344
380.0 155.0 0.0436 10669.2010
412.0 152.0 0.0111 10766.7570
453.0 155.0 0.0048 10785.5885
478.0 154.0 0.0054 10783.6916
18.0 181.0 0.0041 10787.5707
44.0 182.0 0.0047 10785.7662
83.0 189.0 0.0145 10756.4739
114.0 183.0 0.0047 10785.8473
145.0 188.0 0.0245 10726.4000
184.0 180.0 0.0627 10611.8508
215.0 182.0 0.0210 10737.0236
247.0 185.0 0.0868 10539.5512
283.0 179.0 0.0651 10604.6324
310.0 185.0 0.0051 10784.6035
355.0 183.0 0.0219 10734.3150
383.0 183.0 0.0055 10783.6305
422.0 184.0 0.0047 10786.0298
450.0 184.0 0.0041 10787.6158
488.0 179.0 0.0048 10785.5430
14.0 221.0 0.0046 10786.1400
56.0 217.0 0.0035 10789.5142
78.0 212.0 0.0135 10759.4211
113.0 223.0 0.0134 10759.9065
150.0 216.0 0.0054 10783.7699
189.0 213.0 0.0754 10573.8148
212.0 221.0 0.0029 10791.3163
245.0 216.0 0.0356 10693.2715
283.0 219.0 0.0928 10521.4870
315.0 217.0 0.0697 10590.8237
348.0 222.0 0.0113 10766.1399
387.0 210.0 0.0214 10735.8972
415.0 218.0 0.0216 10735.1521
455.0 211.0 0.0047 10785.7882
489.0 216.0 0.0047 10785.7800
22.0 255.0 0.0039 10788.4012
56.0 244.0 0.0036 10789.0608
89.0 246.0 0.0257 10722.9085
116.0 244.0 0.0281 10715.7273
150.0 246.0 0.1127 10462.0277
189.0 247.0 0.0482 10655.5372
211.0 244.0 0.0234 10729.8648
250.0 253.0 0.0022 10793.4683
281.0 244.0 0.1332 10400.5494
316.0 243.0 0.0345 10696.4143
343.0 247.0 0.0973 10508.1638
387.0 256.0 0.0133 10759.9941
416.0 255.0 0.0385 10684.5657
453.0 247.0 0.0045 10786.5325
487.0 248.0 0.0043 10787.2462
11.0 276.0 0.0044 10786.8176
50.0 287.0 0.0043 10787.0022
81.0 284.0 0.0204 10738.8085
121.0 288.0 0.0144 10756.6537
150.0 288.0 0.0235 10729.4106
179.0 277.0 0.0702 10589.3948
210.0 280.0 0.1171 10448.6200
256.0 277.0 0.2071 10178.5717
288.0 280.0 0.0706 10588.3424
311.0 276.0 0.0903 10529.1869
354.0 281.0 0.0051 10784.8394
376.0 288.0 0.0306 10708.1487
421.0 286.0 0.0050 10784.8740
446.0 289.0 0.0039 10788.3960
486.0 277.0 0.0043 10787.1238
14.0 318.0 0.0041 10787.7370
49.0 311.0 0.0041 10787.7872
80.0 316.0 0.0129 10761.2774
117.0 311.0 0.0122 10763.4400
148.0 317.0 0.0451 10664.8485
179.0 318.0 0.0416 10675.3434
216.0 315.0 0.0201 10739.5774
244.0 315.0 0.0812 10556.3310
289.0 319.0 0.0289 10713.3920
322.0 320.0 0.0869 10539.2796
348.0 312.0 0.0191 10742.7470
380.0 319.0 0.0134 10759.8238
412.0 315.0 0.0216 10735.1577
454.0 312.0 0.0043 10787.0807
486.0 320.0 0.0046 10786.0547
19.0 348.0 0.0050 10784.9042
45.0 354.0 0.0048 10785.6567
86.0 355.0 0.0042 10787.4898
121.0 344.0 0.0504 10648.8076
154.0 350.0 0.0252 10724.4875
186.0 354.0 0.0384 10684.7638
218.0 348.0 0.0208 10737.5003
245.0 349.0 0.0916 10525.3093
282.0 348.0 0.0126 10762.1562
318.0 351.0 0.0218 10734.5983
356.0 345.0 0.0575 10627.5347
378.0 349.0 0.0185 10744.5332
413.0 351.0 0.0124 10762.7445
454.0 350.0 0.0046 10786.1841
480.0 343.0 0.0039 10788.2181
14.0 377.0 0.0056 10783.2297
54.0 386.0 0.0047 10786.0013
89.0 389.0 0.0131 10760.6920
114.0 381.0 0.0288 10713.6553
151.0 383.0 0.0118 10764.7387
188.0 389.0 0.0127 10761.7562
223.0 382.0 0.0123 10763.2114
248.0 377.0 0.0252 10724.4152
278.0 389.0 0.0135 10759.5192
312.0 387.0 0.0121 10763.6371
353.0 387.0 0.0193 10742.1680
378.0 378.0 0.0217 10734.8080
415.0 383.0 0.0204 10738.7184
452.0 379.0 0.0053 10784.1767
485.0 383.0 0.0044 10786.9091
13.0 412.0 0.0047 10785.9818
46.0 421.0 0.0043 10787.2495
83.0 419.0 0.0302 10709.4371
117.0 410.0 0.0243 10726.9852
150.0 418.0 0.0043 10787.1139
177.0 421.0 0.0125 10762.5296
210.0 421.0 0.0135 10759.5626
247.0 418.0 0.0198 10740.6841
282.0 417.0 0.0202 10739.2720
312.0 410.0 0.0037 10788.8139
349.0 413.0 0.0125 10762.4859
387.0 423.0 0.0222 10733.4007
413.0 416.0 0.0125 10762.5435
451.0 412.0 0.0131 10760.6122
483.0 413.0 0.0042 10787.4975
18.0 452.0 0.0039 10788.4483
55.0 453.0 0.0048 10785.7142
85.0 448.0 0.0129 10761.3297
112.0 443.0 0.0039 10788.3001
150.0 446.0 0.0037 10788.9500
182.0 448.0 0.0046 10786.2258
213.0 449.0 0.0044 10786.7199
253.0 448.0 0.0038 10788.6456
278.0 455.0 0.0045 10786.5779
313.0 450.0 0.0039 10788.3831
353.0 455.0 0.0046 10786.1175
381.0 452.0 0.0037 10788.9501
420.0 447.0 0.0053 10784.2248
456.0 447.0 0.0045 10786.4641
482.0 453.0 0.0045 10786.6440
15.0 481.0 0.0046 10786.0659
44.0 479.0 0.0038 10788.6240
78.0 487.0 0.0049 10785.2592
122.0 480.0 0.0040 10787.8957
156.0 484.0 0.0049 10785.4052
181.0 479.0 0.0046 10786.3148
216.0 479.0 0.0037 10788.7794
254.0 487.0 0.0055 10783.5074
285.0 489.0 0.0046 10786.0802
319.0 482.0 0.0041 10787.8381
343.0 482.0 0.0051 10784.7843
376.0 477.0 0.0043 10787.1489
422.0 485.0 0.0040 10787.9978
448.0 476.0 0.0046 10786.1179
485.0 484.0 0.0044 10786.8002
310.0 478.0 0.0051 10784.7664
264.0 106.0 0.0129 10761.2320
395.0 31.0 0.0035 10789.4696
393.0 314.0 0.0236 10729.1695
261.0 398.0 0.0142 10757.5047
282.0 34.0 0.0052 10784.4888
237.0 239.0 0.1349 10395.2508
484.0 219.0 0.0047 10785.8477
241.0 408.0 0.0173 10747.9904
223.0 241.0 0.0216 10735.2461
111.0 200.0 0.0126 10762.0579
230.0 492.0 0.0048 10785.4850
475.0 333.0 0.0053 10784.1445
315.0 386.0 0.0036 10789.1031
265.0 72.0 0.0041 10787.6890
417.0 37.0 0.0046 10786.0722
305.0 12.0 0.0035 10789.3760
196.0 403.0 0.0144 10756.8256
66.0 276.0 0.0052 10784.5488
366.0 65.0 0.0040 10788.0471
193.0 197.0 0.0045 10786.5092
388.0 370.0 0.0047 10786.0099
356.0 264.0 0.0304 10708.6739
252.0 223.0 0.1147 10456.0273
5.0 461.0 0.0050 10784.8600
