19.0 12.0 0.0037 10788.8435
55.0 11.0 0.0039 10788.3127
80.0 10.0 0.0046 10786.2882
120.0 13.0 0.0054 10783.6737
152.0 10.0 0.0048 10785.6423
179.0 20.0 0.0038 10788.6959
209.0 11.0 0.0038 10788.5504
246.0 9.0 0.0047 10785.8248
289.0 13.0 0.0039 10788.1987
322.0 15.0 0.0045 10786.4781
347.0 22.0 0.0053 10784.1968
387.0 11.0 0.0054 10783.9449
411.0 10.0 0.0042 10787.4963
441.0 21.0 0.0050 10785.0882
486.0 19.0 0.0053 10783.9620
22.0 52.0 0.0040 10787.9784
55.0 57.0 0.0048 10785.4884
81.0 47.0 0.0143 10757.1560
117.0 43.0 0.0045 10786.5349
144.0 45.0 0.0048 10785.4704
180.0 56.0 0.0050 10784.8514
223.0 57.0 0.0041 10787.8371
244.0 44.0 0.0042 10787.4240
284.0 48.0 0.0048 10785.6498
324.0 52.0 0.0042 10787.5296
353.0 48.0 0.0053 10784.1508
391.0 56.0 0.0050 10785.0171
424.0 57.0 0.0049 10785.3869
448.0 48.0 0.0040 10788.0400
489.0 53.0 0.0044 10786.7308
13.0 84.0 0.0044 10786.8323
48.0 75.0 0.0048 10785.6493
89.0 75.0 0.0202 10739.4534
114.0 79.0 0.0133 10760.0801
152.0 87.0 0.0053 10784.2235
187.0 78.0 0.0044 10786.9281
212.0 85.0 0.0334 10699.7928
250.0 75.0 0.0047 10785.9898
280.0 81.0 0.0271 10718.7764
324.0 84.0 0.0044 10786.6523
344.0 88.0 0.0140 10757.8886
386.0 80.0 0.0237 10728.8517
423.0 79.0 0.0153 10754.2435
441.0 90.0 0.0046 10786.0735
481.0 89.0 0.0051 10784.7363
19.0 124.0 0.0058 10782.5043
47.0 122.0 0.0040 10788.1241
84.0 118.0 0.0136 10759.0892
117.0 114.0 0.0221 10733.6604
146.0 123.0 0.0399 10680.2935
176.0 123.0 0.0142 10757.2906
224.0 121.0 0.0142 10757.3784
252.0 121.0 0.0256 10723.2124
285.0 109.0 0.0041 10787.6185
315.0 124.0 0.0051 10784.7673
343.0 118.0 0.0385 10684.3710
387.0 121.0 0.0131 10760.7217
414.0 110.0 0.0314 10705.7431
446.0 124.0 0.0132 10760.4456
476.0 111.0 0.0050 10784.8968
12.0 157.0 0.0046 10786.2161
48.0 149.0 0.0040 10788.0432
83.0 153.0 0.0043 10787.0554
112.0 156.0 0.0133 10760.1565
149.0 152.0 0.0237 10728.9868
188.0 144.0 0.0373 10688.0725
213.0 148.0 0.0658 10602.7411
253.0 142.0 0.0447 10665.9811
280.0 147.0 0.0757 10572.8376
318.0 157.0 0.0195 10741.4743
346.0 155.0 0.0329 10701.2197
381.0 142.0 0.0222 10733.3332
422.0 154.0 0.0133 10760.1596
443.0 156.0 0.0045 10786.3707
479.0 146.0 0.0050 10784.9942
9.0 184.0 0.0048 10785.6870
54.0 180.0 0.0050 10784.8667
85.0 181.0 0.0224 10732.6517
115.0 184.0 0.0125 10762.3505
146.0 179.0 0.0203 10739.0257
188.0 187.0 0.0233 10730.2150
216.0 175.0 0.0471 10658.7418
254.0 179.0 0.0523 10643.2017
283.0 186.0 0.0041 10787.8187
314.0 186.0 0.0932 10520.2885
351.0 191.0 0.0325 10702.5842
384.0 181.0 0.0216 10735.1635
418.0 179.0 0.0123 10763.1020
443.0 178.0 0.0047 10785.7566
488.0 184.0 0.0040 10787.9464
21.0 218.0 0.0054 10783.7887
47.0 208.0 0.0050 10785.0983
76.0 223.0 0.0126 10762.2325
118.0 216.0 0.0041 10787.8178
148.0 223.0 0.0456 10663.2131
190.0 210.0 0.0599 10620.2656
218.0 209.0 0.1301 10409.7332
241.0 222.0 0.2185 10144.4408
284.0 212.0 0.1095 10471.5536
308.0 210.0 0.0599 10620.3453
347.0 211.0 0.0190 10742.9539
389.0 215.0 0.0046 10786.2412
424.0 212.0 0.0221 10733.7405
454.0 219.0 0.0046 10786.1603
487.0 217.0 0.0047 10785.7800
16.0 248.0 0.0043 10787.1031
49.0 255.0 0.0042 10787.4072
91.0 252.0 0.0298 10710.5201
119.0 255.0 0.0199 10740.2126
144.0 251.0 0.0043 10787.0764
175.0 246.0 0.0360 10691.9894
213.0 251.0 0.0966 10510.0608
242.0 245.0 0.0608 10617.7280
287.0 250.0 0.2055 10183.4628
312.0 253.0 0.0550 10635.0651
352.0 247.0 0.0826 10552.2765
384.0 257.0 0.0125 10762.4224
412.0 252.0 0.0267 10719.8350
443.0 247.0 0.0035 10789.3873
490.0 243.0 0.0047 10785.8874
19.0 281.0 0.0040 10787.8725
44.0 276.0 0.0043 10787.1634
86.0 291.0 0.0198 10740.5282
118.0 276.0 0.0114 10765.7788
155.0 291.0 0.0204 10738.8520
185.0 278.0 0.1101 10469.5661
223.0 290.0 0.0035 10789.4169
243.0 287.0 0.1655 10303.4193
277.0 287.0 0.0370 10689.1112
311.0 285.0 0.0935 10519.5912
357.0 282.0 0.0219 10734.3695
379.0 276.0 0.0268 10719.5972
420.0 281.0 0.0214 10735.9452
446.0 283.0 0.0051 10784.5782
481.0 288.0 0.0046 10786.2893
19.0 318.0 0.0039 10788.2289
53.0 317.0 0.0041 10787.5672
84.0 321.0 0.0052 10784.2999
115.0 324.0 0.0229 10731.2608
151.0 313.0 0.0051 10784.6729
190.0 324.0 0.0209 10737.1878
222.0 320.0 0.0205 10738.5096
254.0 309.0 0.0778 10566.5478
275.0 320.0 0.0195 10741.4403
317.0 321.0 0.0532 10640.2650
345.0 317.0 0.0230 10730.9527
389.0 316.0 0.0229 10731.3471
416.0 316.0 0.0041 10787.5875
455.0 318.0 0.0046 10786.1057
479.0 321.0 0.0045 10786.6124
21.0 344.0 0.0046 10786.2331
51.0 355.0 0.0040 10788.0121
83.0 345.0 0.0152 10754.2779
112.0 342.0 0.0388 10683.6060
144.0 343.0 0.0392 10682.3538
180.0 344.0 0.0585 10624.5288
209.0 355.0 0.0285 10714.4415
249.0 345.0 0.0682 10595.3856
278.0 344.0 0.0276 10717.3079
319.0 344.0 0.0359 10692.3222
349.0 358.0 0.0671 10598.8175
378.0 349.0 0.0037 10789.0122
414.0 355.0 0.0128 10761.6521
453.0 345.0 0.0040 10787.9961
480.0 345.0 0.0048 10785.6239
10.0 390.0 0.0051 10784.6316
42.0 386.0 0.0049 10785.2760
77.0 382.0 0.0133 10760.0310
110.0 376.0 0.0299 10710.3894
151.0 385.0 0.0119 10764.1869
183.0 386.0 0.0124 10762.6692
218.0 390.0 0.0337 10698.9001
245.0 381.0 0.0274 10717.8398
282.0 382.0 0.0131 10760.8042
324.0 385.0 0.0124 10762.8248
348.0 379.0 0.0034 10789.8544
376.0 385.0 0.0318 10704.5953
419.0 379.0 0.0213 10736.0351
451.0 380.0 0.0055 10783.5846
489.0 387.0 0.0045 10786.3940
13.0 413.0 0.0042 10787.5293
55.0 424.0 0.0039 10788.2663
75.0 412.0 0.0207 10737.9382
121.0 418.0 0.0136 10759.1565
142.0 418.0 0.0136 10759.2659
175.0 414.0 0.0188 10743.7403
218.0 417.0 0.0134 10759.8758
249.0 424.0 0.0044 10786.8705
289.0 417.0 0.0128 10761.6525
318.0 422.0 0.0235 10729.6361
354.0 424.0 0.0140 10758.0830
379.0 409.0 0.0146 10756.3360
417.0 409.0 0.0226 10732.1945
451.0 415.0 0.0132 10760.5156
487.0 421.0 0.0045 10786.4711
17.0 455.0 0.0038 10788.5614
54.0 448.0 0.0046 10786.1203
81.0 446.0 0.0132 10760.2956
110.0 450.0 0.0042 10787.3927
147.0 447.0 0.0038 10788.5806
185.0 451.0 0.0041 10787.7571
217.0 454.0 0.0043 10787.0645
245.0 451.0 0.0037 10788.8328
275.0 455.0 0.0042 10787.2589
321.0 444.0 0.0040 10787.8937
348.0 444.0 0.0051 10784.7765
377.0 454.0 0.0046 10786.1227
416.0 457.0 0.0046 10786.2363
453.0 446.0 0.0050 10785.1227
486.0 454.0 0.0047 10785.8568
9.0 484.0 0.0049 10785.2557
56.0 491.0 0.0043 10786.9594
89.0 478.0 0.0045 10786.4917
121.0 485.0 0.0046 10786.0812
151.0 480.0 0.0041 10787.8035
182.0 491.0 0.0049 10785.3556
215.0 483.0 0.0046 10786.1399
246.0 475.0 0.0055 10783.4066
283.0 491.0 0.0048 10785.6378
322.0 486.0 0.0042 10787.5442
348.0 486.0 0.0038 10788.4846
375.0 481.0 0.0051 10784.6572
415.0 484.0 0.0049 10785.3134
446.0 487.0 0.0048 10785.6423
487.0 488.0 0.0045 10786.4685
449.0 106.0 0.0044 10786.7650
327.0 162.0 0.0036 10789.3047
110.0 217.0 0.0132 10760.3856
179.0 45.0 0.0053 10784.2483
317.0 128.0 0.0223 10733.2187
215.0 481.0 0.0051 10784.6779
136.0 201.0 0.0403 10679.0776
94.0 141.0 0.0045 10786.5683
29.0 342.0 0.0053 10784.2437
440.0 192.0 0.0051 10784.6834
232.0 106.0 0.0046 10786.3324
466.0 39.0 0.0051 10784.7447
485.0 413.0 0.0046 10786.2083
182.0 1.0 0.0047 10785.8188
350.0 104.0 0.0143 10757.1603
447.0 307.0 0.0044 10786.7052
8.0 222.0 0.0046 10786.2883
266.0 410.0 0.0265 10720.6384
455.0 87.0 0.0042 10787.4090
160.0 276.0 0.0843 10547.0666
167.0 463.0 0.0054 10783.9265
439.0 39.0 0.0042 10787.4141
365.0 181.0 0.0585 10624.6076
158.0 93.0 0.0385 10684.4476
403.0 63.0 0.0045 10786.4685
