12.0 17.0 0.0042 10787.3588
58.0 24.0 0.0049 10785.2442
84.0 8.0 0.0056 10783.3483
118.0 14.0 0.0039 10788.2614
141.0 7.0 0.0048 10785.6844
178.0 25.0 0.0046 10786.2244
221.0 15.0 0.0039 10788.2053
257.0 22.0 0.0042 10787.2623
293.0 12.0 0.0046 10786.3200
321.0 11.0 0.0050 10784.9690
345.0 12.0 0.0049 10785.3384
389.0 23.0 0.0052 10784.4986
419.0 14.0 0.0049 10785.3234
448.0 14.0 0.0043 10786.9830
492.0 17.0 0.0054 10783.9326
12.0 52.0 0.0050 10785.0312
53.0 52.0 0.0047 10785.7572
84.0 52.0 0.0111 10766.6134
115.0 56.0 0.0044 10786.6845
145.0 41.0 0.0045 10786.6440
182.0 43.0 0.0048 10785.5739
214.0 43.0 0.0045 10786.4222
258.0 56.0 0.0048 10785.7046
290.0 40.0 0.0046 10786.0834
317.0 54.0 0.0039 10788.1747
348.0 58.0 0.0055 10783.4544
379.0 48.0 0.0049 10785.1730
411.0 50.0 0.0043 10787.1149
441.0 48.0 0.0053 10784.1784
481.0 51.0 0.0038 10788.5264
25.0 75.0 0.0048 10785.7222
41.0 74.0 0.0047 10785.8948
85.0 82.0 0.0041 10787.7079
122.0 85.0 0.0125 10762.5444
143.0 75.0 0.0225 10732.4344
190.0 74.0 0.0135 10759.5364
226.0 91.0 0.0313 10706.1723
257.0 84.0 0.0044 10786.6711
282.0 75.0 0.0046 10786.2692
315.0 92.0 0.0218 10734.7201
351.0 86.0 0.0036 10789.0862
374.0 87.0 0.0219 10734.2024
410.0 74.0 0.0141 10757.5686
446.0 91.0 0.0148 10755.7169
481.0 76.0 0.0044 10786.6980
21.0 109.0 0.0058 10782.5195
53.0 123.0 0.0045 10786.5466
77.0 109.0 0.0134 10759.9423
108.0 114.0 0.0484 10654.6658
144.0 126.0 0.0108 10767.5666
178.0 112.0 0.0291 10712.7045
217.0 121.0 0.0230 10731.1245
241.0 116.0 0.0044 10786.8367
281.0 117.0 0.0272 10718.3946
319.0 121.0 0.0043 10787.2165
359.0 109.0 0.0131 10760.8165
375.0 108.0 0.0239 10728.1988
418.0 122.0 0.0123 10763.0533
440.0 111.0 0.0114 10765.7145
478.0 107.0 0.0042 10787.4268
12.0 153.0 0.0052 10784.2708
54.0 152.0 0.0049 10785.2044
79.0 140.0 0.0217 10734.8846
111.0 159.0 0.0042 10787.3931
146.0 156.0 0.0210 10737.0736
173.0 148.0 0.0480 10655.9114
222.0 149.0 0.0221 10733.5700
248.0 142.0 0.0127 10761.8270
276.0 156.0 0.0701 10589.6906
326.0 151.0 0.0417 10674.8937
349.0 152.0 0.0200 10740.0024
383.0 151.0 0.0663 10601.1660
410.0 145.0 0.0130 10761.0546
454.0 152.0 0.0048 10785.6828
484.0 157.0 0.0045 10786.3529
14.0 173.0 0.0044 10786.7400
54.0 174.0 0.0055 10783.4247
73.0 183.0 0.0040 10787.8522
107.0 185.0 0.0145 10756.5035
143.0 183.0 0.0925 10522.3600
179.0 175.0 0.0314 10705.9367
214.0 185.0 0.0356 10693.1403
242.0 177.0 0.0356 10693.0775
279.0 183.0 0.0853 10544.0106
313.0 193.0 0.0771 10568.7262
341.0 188.0 0.0718 10584.7468
374.0 182.0 0.0138 10758.4961
410.0 185.0 0.0204 10738.7318
441.0 187.0 0.0041 10787.7763
490.0 182.0 0.0046 10786.0810
11.0 219.0 0.0050 10784.9671
45.0 213.0 0.0041 10787.5539
74.0 213.0 0.0215 10735.3857
122.0 225.0 0.0282 10715.4880
142.0 211.0 0.0137 10758.7884
189.0 222.0 0.0420 10673.9727
213.0 219.0 0.1231 10430.6600
247.0 224.0 0.1152 10454.2965
276.0 224.0 0.0351 10694.8218
309.0 212.0 0.0277 10716.7579
346.0 219.0 0.0716 10585.1215
383.0 221.0 0.0128 10761.7025
425.0 223.0 0.0047 10785.9963
440.0 225.0 0.0039 10788.1880
479.0 208.0 0.0043 10787.2176
17.0 246.0 0.0042 10787.4619
52.0 251.0 0.0045 10786.5473
90.0 250.0 0.0248 10725.6608
113.0 258.0 0.0197 10740.7534
143.0 241.0 0.0745 10576.5002
188.0 243.0 0.0788 10563.7148
224.0 241.0 0.0723 10582.9502
259.0 251.0 0.0022 10793.3731
275.0 248.0 0.1598 10320.5164
311.0 242.0 0.0556 10633.2976
351.0 246.0 0.0124 10762.8610
379.0 256.0 0.0193 10742.2001
413.0 244.0 0.0209 10737.3314
456.0 249.0 0.0039 10788.2755
481.0 248.0 0.0041 10787.8150
25.0 275.0 0.0049 10785.2723
59.0 287.0 0.0045 10786.5846
78.0 289.0 0.0043 10787.1336
107.0 277.0 0.0054 10783.8944
140.0 289.0 0.0441 10667.7111
183.0 282.0 0.0371 10688.7220
208.0 275.0 0.2478 10056.6274
258.0 273.0 0.1006 10498.2227
290.0 278.0 0.1194 10441.7313
323.0 292.0 0.1201 10439.7055
356.0 283.0 0.0511 10646.6621
389.0 290.0 0.0352 10694.5133
421.0 292.0 0.0048 10785.5808
445.0 287.0 0.0052 10784.5419
477.0 281.0 0.0054 10783.9296
8.0 314.0 0.0049 10785.4053
53.0 325.0 0.0051 10784.6030
77.0 307.0 0.0038 10788.6997
108.0 307.0 0.0299 10710.2950
146.0 308.0 0.0285 10714.6475
181.0 321.0 0.1027 10491.9352
209.0 312.0 0.0289 10713.2905
256.0 323.0 0.0857 10542.9776
287.0 316.0 0.0042 10787.3445
313.0 312.0 0.0221 10733.6851
352.0 308.0 0.0185 10744.3832
384.0 324.0 0.0039 10788.1891
412.0 324.0 0.0117 10764.9229
457.0 307.0 0.0037 10789.0164
474.0 306.0 0.0055 10783.4252
25.0 350.0 0.0046 10786.2537
52.0 352.0 0.0040 10787.8881
80.0 353.0 0.0239 10728.1711
114.0 352.0 0.0040 10788.0870
155.0 341.0 0.0145 10756.6069
176.0 356.0 0.0491 10652.7036
218.0 355.0 0.0135 10759.4640
242.0 341.0 0.0666 10600.3115
288.0 350.0 0.0560 10631.8520
309.0 359.0 0.0829 10551.2959
340.0 345.0 0.0313 10706.1171
374.0 359.0 0.0580 10626.0924
421.0 341.0 0.0139 10758.3582
446.0 343.0 0.0045 10786.6419
488.0 356.0 0.0045 10786.6424
10.0 376.0 0.0043 10787.0263
40.0 375.0 0.0056 10783.2584
89.0 389.0 0.0049 10785.2618
119.0 389.0 0.0233 10730.0528
149.0 382.0 0.0671 10598.5581
174.0 377.0 0.0207 10738.0020
216.0 386.0 0.0128 10761.6471
258.0 382.0 0.0248 10725.5787
279.0 389.0 0.0202 10739.4260
322.0 382.0 0.0050 10785.1458
346.0 388.0 0.0123 10762.9519
390.0 391.0 0.0503 10649.0887
416.0 388.0 0.0143 10757.1130
450.0 392.0 0.0049 10785.2399
491.0 384.0 0.0046 10786.2772
12.0 410.0 0.0054 10783.8082
45.0 418.0 0.0043 10787.1439
86.0 419.0 0.0130 10761.0615
122.0 407.0 0.0121 10763.8447
145.0 421.0 0.0200 10739.9726
191.0 413.0 0.0145 10756.5533
217.0 412.0 0.0288 10713.6165
244.0 426.0 0.0048 10785.7165
283.0 414.0 0.0045 10786.4047
309.0 418.0 0.0116 10765.3305
357.0 425.0 0.0132 10760.3758
374.0 423.0 0.0047 10785.9974
423.0 407.0 0.0196 10741.2161
445.0 412.0 0.0144 10756.9256
480.0 411.0 0.0038 10788.5655
11.0 457.0 0.0047 10786.0291
50.0 442.0 0.0056 10783.2065
91.0 445.0 0.0051 10784.6084
113.0 449.0 0.0042 10787.5325
156.0 457.0 0.0045 10786.6346
174.0 457.0 0.0049 10785.2674
210.0 450.0 0.0046 10786.1158
256.0 449.0 0.0036 10789.2919
280.0 440.0 0.0046 10786.1098
317.0 457.0 0.0043 10787.0726
348.0 441.0 0.0051 10784.6930
381.0 458.0 0.0041 10787.7180
412.0 459.0 0.0039 10788.1939
450.0 448.0 0.0050 10785.1177
488.0 445.0 0.0043 10787.1972
22.0 481.0 0.0056 10783.2679
48.0 483.0 0.0047 10785.7555
74.0 481.0 0.0051 10784.7635
121.0 489.0 0.0036 10789.2696
141.0 478.0 0.0048 10785.6017
174.0 487.0 0.0052 10784.4823
222.0 485.0 0.0036 10789.1076
257.0 478.0 0.0045 10786.3707
286.0 479.0 0.0047 10785.9893
310.0 485.0 0.0045 10786.5225
358.0 490.0 0.0048 10785.5021
387.0 480.0 0.0057 10782.7671
415.0 478.0 0.0044 10786.6818
454.0 479.0 0.0045 10786.5814
492.0 484.0 0.0048 10785.5745
249.0 21.0 0.0042 10787.3601
464.0 441.0 0.0051 10784.8189
296.0 451.0 0.0043 10787.0918
240.0 431.0 0.0046 10786.2628
95.0 304.0 0.0319 10704.1687
485.0 377.0 0.0049 10785.2803
434.0 90.0 0.0042 10787.3194
83.0 486.0 0.0058 10782.5505
89.0 437.0 0.0048 10785.6315
429.0 454.0 0.0041 10787.7896
7.0 120.0 0.0045 10786.6218
25.0 455.0 0.0052 10784.5056
47.0 254.0 0.0050 10784.9566
290.0 91.0 0.0191 10742.6688
435.0 28.0 0.0048 10785.4552
133.0 450.0 0.0050 10784.9154
402.0 361.0 0.0119 10764.4167
223.0 119.0 0.0049 10785.1748
10.0 249.0 0.0044 10786.6836
302.0 423.0 0.0039 10788.2962
314.0 403.0 0.0180 10746.0237
76.0 400.0 0.0196 10741.0841
422.0 194.0 0.0043 10787.0485
113.0 219.0 0.0126 10762.2264
63.0 375.0 0.0131 10760.6350
