11.0 14.0 0.0047 10786.0115
59.0 17.0 0.0047 10785.9267
86.0 20.0 0.0054 10783.9433
125.0 14.0 0.0041 10787.7502
149.0 11.0 0.0046 10786.0818
172.0 22.0 0.0041 10787.6700
221.0 19.0 0.0035 10789.4731
238.0 12.0 0.0044 10786.8536
280.0 27.0 0.0051 10784.7161
322.0 22.0 0.0055 10783.5765
345.0 11.0 0.0050 10784.9212
386.0 7.0 0.0052 10784.5335
414.0 12.0 0.0046 10786.1479
438.0 14.0 0.0058 10782.5205
492.0 26.0 0.0054 10783.8382
25.0 54.0 0.0052 10784.3133
50.0 45.0 0.0040 10787.8824
78.0 40.0 0.0145 10756.5227
105.0 53.0 0.0040 10788.0826
143.0 54.0 0.0044 10786.8420
185.0 45.0 0.0045 10786.5161
227.0 58.0 0.0048 10785.6045
238.0 55.0 0.0046 10786.3258
279.0 40.0 0.0056 10783.2422
307.0 43.0 0.0050 10785.0420
349.0 59.0 0.0055 10783.5576
381.0 38.0 0.0057 10782.9621
407.0 47.0 0.0118 10764.7470
460.0 42.0 0.0049 10785.4040
477.0 51.0 0.0043 10787.1961
14.0 77.0 0.0044 10786.9488
46.0 94.0 0.0133 10760.0720
91.0 90.0 0.0136 10759.2117
107.0 88.0 0.0287 10713.8699
138.0 85.0 0.0052 10784.4061
193.0 79.0 0.0132 10760.4124
217.0 87.0 0.0401 10679.8447
255.0 82.0 0.0123 10763.2136
275.0 82.0 0.0036 10789.2374
312.0 92.0 0.0228 10731.6406
339.0 79.0 0.0137 10758.8593
390.0 90.0 0.0294 10711.8648
409.0 94.0 0.0218 10734.6720
459.0 91.0 0.0044 10786.9162
494.0 74.0 0.0050 10784.8500
21.0 108.0 0.0055 10783.5855
48.0 115.0 0.0044 10786.7102
92.0 127.0 0.0038 10788.5577
116.0 119.0 0.0229 10731.2753
158.0 108.0 0.0124 10762.8929
194.0 112.0 0.0135 10759.3893
209.0 122.0 0.0211 10736.7290
261.0 122.0 0.0041 10787.5928
283.0 123.0 0.0039 10788.4153
320.0 127.0 0.0048 10785.5654
338.0 120.0 0.0036 10789.1773
377.0 105.0 0.0223 10733.1270
409.0 126.0 0.0045 10786.5970
442.0 118.0 0.0050 10785.1014
485.0 113.0 0.0046 10786.2453
24.0 161.0 0.0051 10784.8459
53.0 161.0 0.0050 10785.0581
86.0 159.0 0.0153 10754.2427
110.0 149.0 0.0218 10734.4558
151.0 151.0 0.0527 10642.0382
194.0 141.0 0.0309 10707.3021
205.0 138.0 0.0479 10656.3065
246.0 138.0 0.0386 10684.0990
286.0 145.0 0.0544 10636.7092
305.0 139.0 0.0307 10708.0395
346.0 148.0 0.0789 10563.3354
382.0 160.0 0.0046 10786.3282
407.0 145.0 0.0302 10709.5187
442.0 154.0 0.0049 10785.3511
489.0 150.0 0.0043 10787.2437
14.0 178.0 0.0049 10785.1566
50.0 174.0 0.0049 10785.2885
83.0 192.0 0.0050 10784.9478
107.0 171.0 0.0219 10734.3169
141.0 178.0 0.0224 10732.7698
183.0 182.0 0.0317 10704.9063
214.0 193.0 0.0728 10581.6835
254.0 184.0 0.0267 10719.8517
272.0 194.0 0.0940 10517.9130
318.0 177.0 0.0049 10785.2011
360.0 192.0 0.0220 10734.0980
380.0 175.0 0.0132 10760.3048
419.0 175.0 0.0206 10738.2705
450.0 192.0 0.0058 10782.6284
489.0 178.0 0.0040 10787.9110
12.0 227.0 0.0045 10786.5946
56.0 222.0 0.0051 10784.8191
87.0 211.0 0.0335 10699.5105
115.0 225.0 0.0128 10761.6215
150.0 208.0 0.0051 10784.7792
176.0 212.0 0.0665 10600.6419
225.0 212.0 0.0738 10578.6892
259.0 217.0 0.0794 10561.6637
284.0 214.0 0.0813 10556.1646
320.0 226.0 0.0208 10737.5531
353.0 207.0 0.0687 10593.8313
393.0 226.0 0.0231 10730.6853
412.0 225.0 0.0040 10787.9581
455.0 211.0 0.0046 10786.2079
477.0 213.0 0.0049 10785.3300
16.0 252.0 0.0049 10785.1833
50.0 256.0 0.0047 10786.0016
75.0 242.0 0.0048 10785.5548
108.0 256.0 0.0041 10787.7163
157.0 241.0 0.0197 10740.8821
183.0 257.0 0.0491 10652.8462
222.0 258.0 0.1578 10326.5373
253.0 244.0 0.0389 10683.3521
277.0 253.0 0.1721 10283.5907
310.0 258.0 0.0757 10572.7808
346.0 243.0 0.0120 10764.1303
387.0 252.0 0.0287 10713.9768
411.0 253.0 0.0229 10731.3170
457.0 247.0 0.0035 10789.4001
493.0 259.0 0.0050 10785.1354
8.0 281.0 0.0044 10786.7890
59.0 273.0 0.0050 10785.0394
91.0 292.0 0.0314 10705.6951
123.0 282.0 0.0308 10707.5680
146.0 288.0 0.0301 10709.5959
178.0 275.0 0.0524 10642.9142
206.0 281.0 0.0913 10526.0119
252.0 290.0 0.0636 10609.3406
275.0 290.0 0.0437 10668.8369
310.0 287.0 0.0844 10546.8114
338.0 287.0 0.0547 10635.8162
374.0 291.0 0.0193 10742.0821
411.0 272.0 0.0042 10787.3352
440.0 292.0 0.0037 10789.0336
492.0 292.0 0.0056 10783.2706
27.0 322.0 0.0038 10788.4846
43.0 310.0 0.0046 10786.1102
87.0 314.0 0.0110 10766.9495
127.0 315.0 0.0234 10729.8511
147.0 324.0 0.0378 10686.6032
190.0 309.0 0.0481 10655.7615
216.0 317.0 0.1347 10395.7749
260.0 307.0 0.0392 10682.4227
283.0 326.0 0.0741 10577.7570
305.0 324.0 0.0686 10594.1540
343.0 316.0 0.0444 10666.6676
386.0 308.0 0.0304 10708.9205
414.0 310.0 0.0143 10757.1461
460.0 311.0 0.0048 10785.7056
486.0 325.0 0.0046 10786.1768
12.0 360.0 0.0049 10785.3682
58.0 360.0 0.0047 10785.9511
76.0 352.0 0.0216 10735.1075
109.0 339.0 0.0132 10760.2788
141.0 353.0 0.0648 10605.7058
191.0 342.0 0.0345 10696.5317
211.0 346.0 0.0432 10670.5039
258.0 339.0 0.0049 10785.4354
279.0 349.0 0.0422 10673.3480
307.0 339.0 0.0042 10787.4054
347.0 346.0 0.0437 10668.8836
391.0 344.0 0.0226 10732.2306
416.0 347.0 0.0129 10761.4498
452.0 356.0 0.0047 10785.9147
471.0 361.0 0.0044 10786.7681
16.0 380.0 0.0039 10788.3263
42.0 373.0 0.0054 10783.8398
91.0 382.0 0.0048 10785.4640
120.0 392.0 0.0245 10726.6045
159.0 392.0 0.0234 10729.7409
189.0 392.0 0.0217 10734.9677
221.0 391.0 0.0365 10690.5521
254.0 391.0 0.0389 10683.2209
292.0 392.0 0.0117 10764.9540
313.0 385.0 0.0115 10765.4683
360.0 393.0 0.0404 10678.7203
390.0 392.0 0.0244 10726.9350
417.0 379.0 0.0130 10761.1310
440.0 373.0 0.0139 10758.3274
474.0 382.0 0.0037 10788.8000
15.0 414.0 0.0052 10784.4194
53.0 409.0 0.0051 10784.7832
87.0 422.0 0.0324 10702.6912
108.0 422.0 0.0041 10787.7612
142.0 424.0 0.0217 10734.7809
190.0 428.0 0.0048 10785.4993
208.0 415.0 0.0121 10763.6076
252.0 409.0 0.0320 10704.0809
284.0 418.0 0.0131 10760.7040
321.0 427.0 0.0238 10728.4713
359.0 419.0 0.0051 10784.6843
386.0 427.0 0.0239 10728.2803
415.0 407.0 0.0037 10788.7751
445.0 418.0 0.0054 10783.7103
492.0 425.0 0.0051 10784.8055
23.0 456.0 0.0038 10788.5178
56.0 443.0 0.0052 10784.3728
82.0 449.0 0.0040 10787.9031
109.0 450.0 0.0042 10787.4412
142.0 460.0 0.0045 10786.5104
188.0 459.0 0.0045 10786.6302
215.0 439.0 0.0034 10789.7277
240.0 446.0 0.0031 10790.7267
289.0 449.0 0.0036 10789.2603
321.0 452.0 0.0037 10788.9729
350.0 461.0 0.0050 10785.0859
389.0 441.0 0.0100 10769.8871
416.0 450.0 0.0044 10786.7023
451.0 449.0 0.0050 10784.9657
478.0 451.0 0.0050 10784.9664
15.0 474.0 0.0055 10783.4036
59.0 478.0 0.0044 10786.6817
76.0 480.0 0.0049 10785.2095
120.0 485.0 0.0032 10790.3163
155.0 487.0 0.0054 10783.6609
180.0 472.0 0.0048 10785.7176
223.0 485.0 0.0041 10787.7789
258.0 489.0 0.0047 10785.7736
284.0 492.0 0.0053 10784.0743
327.0 478.0 0.0040 10788.0045
357.0 493.0 0.0041 10787.7289
374.0 487.0 0.0050 10785.0770
411.0 493.0 0.0040 10788.1026
448.0 486.0 0.0049 10785.1607
471.0 478.0 0.0052 10784.2690
6.0 13.0 0.0044 10786.7734
202.0 174.0 0.0683 10595.0756
475.0 265.0 0.0050 10784.8627
278.0 433.0 0.0049 10785.2905
471.0 420.0 0.0050 10784.8897
242.0 88.0 0.0041 10787.6558
445.0 74.0 0.0043 10787.1368
158.0 201.0 0.0252 10724.3844
39.0 332.0 0.0055 10783.4515
7.0 183.0 0.0047 10785.8178
194.0 42.0 0.0049 10785.3060
352.0 199.0 0.0039 10788.2600
326.0 337.0 0.0145 10756.4982
119.0 421.0 0.0111 10766.5628
6.0 449.0 0.0049 10785.3503
224.0 430.0 0.0051 10784.6454
306.0 172.0 0.0533 10640.1374
121.0 463.0 0.0046 10786.0802
103.0 26.0 0.0039 10788.2020
126.0 345.0 0.0140 10757.8650
286.0 129.0 0.0229 10731.3754
254.0 443.0 0.0030 10790.9093
268.0 432.0 0.0045 10786.3566
153.0 77.0 0.0311 10706.7605
272.0 334.0 0.0220 10734.0122
