21.0 21.0 0.0049 10785.1652
63.0 23.0 0.0046 10786.1593
96.0 22.0 0.0051 10784.7961
112.0 7.0 0.0053 10784.0689
149.0 11.0 0.0048 10785.4605
174.0 15.0 0.0039 10788.1884
207.0 28.0 0.0041 10787.5501
259.0 22.0 0.0050 10785.0573
278.0 14.0 0.0045 10786.4234
323.0 21.0 0.0054 10783.9113
348.0 14.0 0.0040 10788.1026
370.0 6.0 0.0053 10784.1691
414.0 20.0 0.0052 10784.4872
452.0 7.0 0.0053 10784.0514
470.0 10.0 0.0052 10784.2937
11.0 50.0 0.0044 10786.8072
47.0 49.0 0.0053 10784.0534
73.0 51.0 0.0046 10786.2093
109.0 38.0 0.0125 10762.4306
154.0 42.0 0.0049 10785.2736
183.0 50.0 0.0035 10789.4649
211.0 57.0 0.0049 10785.2312
260.0 53.0 0.0041 10787.8267
291.0 39.0 0.0052 10784.4212
304.0 57.0 0.0047 10785.9306
360.0 40.0 0.0047 10785.8764
377.0 48.0 0.0144 10756.7539
410.0 58.0 0.0044 10786.7174
456.0 52.0 0.0052 10784.2648
478.0 45.0 0.0045 10786.3759
18.0 92.0 0.0047 10786.0468
44.0 71.0 0.0051 10784.5834
74.0 95.0 0.0136 10759.0663
117.0 88.0 0.0127 10761.9161
152.0 85.0 0.0250 10725.0238
175.0 91.0 0.0206 10738.2702
203.0 72.0 0.0044 10786.7863
261.0 76.0 0.0044 10786.7128
291.0 87.0 0.0050 10785.0520
323.0 80.0 0.0287 10713.9925
346.0 77.0 0.0136 10759.2616
376.0 91.0 0.0126 10762.2150
419.0 92.0 0.0039 10788.2061
441.0 92.0 0.0053 10784.1333
478.0 85.0 0.0052 10784.5430
11.0 117.0 0.0055 10783.4092
60.0 126.0 0.0047 10785.7572
94.0 125.0 0.0394 10681.8455
116.0 115.0 0.0214 10735.7270
148.0 112.0 0.0209 10737.4101
185.0 109.0 0.0044 10786.8963
208.0 108.0 0.0301 10709.7138
262.0 109.0 0.0207 10737.8216
281.0 124.0 0.0136 10759.1755
327.0 104.0 0.0419 10674.4288
357.0 119.0 0.0281 10715.6442
385.0 112.0 0.0143 10757.0691
416.0 103.0 0.0134 10759.7808
458.0 124.0 0.0042 10787.3141
478.0 114.0 0.0047 10785.9568
16.0 145.0 0.0047 10785.7674
44.0 161.0 0.0047 10785.9775
82.0 137.0 0.0051 10784.8384
108.0 145.0 0.0146 10756.3254
145.0 141.0 0.0309 10707.2536
174.0 148.0 0.0198 10740.6384
227.0 148.0 0.0338 10698.6223
255.0 150.0 0.0112 10766.3144
286.0 140.0 0.0653 10604.2094
327.0 136.0 0.0046 10786.0614
347.0 158.0 0.0392 10682.4334
387.0 140.0 0.0139 10758.3688
423.0 154.0 0.0140 10757.9880
444.0 162.0 0.0041 10787.6651
479.0 160.0 0.0038 10788.5466
20.0 173.0 0.0049 10785.3542
37.0 171.0 0.0050 10784.8804
90.0 173.0 0.0138 10758.7159
127.0 187.0 0.0136 10759.1345
156.0 174.0 0.1016 10495.1331
185.0 186.0 0.0456 10663.2550
222.0 177.0 0.0460 10662.0932
248.0 182.0 0.0575 10627.4879
281.0 178.0 0.1086 10474.2321
311.0 172.0 0.0693 10592.2140
341.0 178.0 0.0368 10689.5553
384.0 191.0 0.0044 10786.7298
427.0 183.0 0.0130 10761.0525
443.0 178.0 0.0054 10783.8614
477.0 186.0 0.0031 10790.6182
4.0 217.0 0.0052 10784.4152
58.0 211.0 0.0035 10789.5041
91.0 208.0 0.0234 10729.8546
114.0 206.0 0.0150 10755.1125
156.0 223.0 0.0228 10731.5440
176.0 205.0 0.0323 10703.0552
210.0 215.0 0.1331 10400.8042
242.0 210.0 0.1210 10436.9000
281.0 206.0 0.0983 10505.2475
309.0 209.0 0.0200 10740.0633
350.0 215.0 0.0456 10663.1174
385.0 208.0 0.0129 10761.2278
428.0 203.0 0.0219 10734.4059
450.0 226.0 0.0053 10784.1789
476.0 218.0 0.0048 10785.6852
13.0 248.0 0.0047 10786.0317
60.0 244.0 0.0050 10785.0286
85.0 243.0 0.0040 10787.9141
115.0 244.0 0.0123 10763.1214
154.0 250.0 0.0146 10756.2693
194.0 246.0 0.0684 10594.6590
212.0 254.0 0.0886 10534.1435
239.0 242.0 0.0751 10574.5748
284.0 255.0 0.1389 10383.3126
310.0 244.0 0.0334 10699.9385
360.0 257.0 0.0041 10787.7970
380.0 238.0 0.0127 10761.8033
403.0 258.0 0.0400 10680.0567
456.0 259.0 0.0041 10787.6860
476.0 257.0 0.0044 10786.9429
18.0 294.0 0.0048 10785.7014
51.0 292.0 0.0050 10785.1262
88.0 278.0 0.0140 10758.1189
118.0 294.0 0.0432 10670.4953
154.0 270.0 0.0054 10783.8868
188.0 295.0 0.0875 10537.5813
218.0 294.0 0.0392 10682.2544
251.0 292.0 0.0227 10731.8327
292.0 292.0 0.1875 10237.6379
327.0 279.0 0.0759 10572.3700
345.0 276.0 0.0201 10739.6845
377.0 276.0 0.0482 10655.4820
417.0 281.0 0.0130 10760.9116
461.0 278.0 0.0047 10785.8657
476.0 271.0 0.0043 10786.9825
17.0 323.0 0.0049 10785.3869
44.0 320.0 0.0042 10787.2867
90.0 322.0 0.0049 10785.3046
106.0 304.0 0.0309 10707.4455
150.0 303.0 0.0817 10554.8455
173.0 308.0 0.0203 10739.2485
219.0 317.0 0.0040 10788.0870
239.0 312.0 0.0332 10700.3741
282.0 329.0 0.0567 10629.9395
310.0 317.0 0.0329 10701.2629
336.0 307.0 0.0205 10738.4708
393.0 314.0 0.0203 10739.0163
419.0 329.0 0.0140 10757.9319
452.0 312.0 0.0044 10786.7915
491.0 305.0 0.0049 10785.3229
3.0 347.0 0.0043 10786.9573
57.0 350.0 0.0047 10785.8665
80.0 361.0 0.0131 10760.7486
119.0 337.0 0.0213 10735.9764
138.0 359.0 0.0049 10785.3427
188.0 349.0 0.0301 10709.5666
225.0 358.0 0.0299 10710.1569
239.0 356.0 0.0455 10663.3603
286.0 357.0 0.0344 10696.7173
312.0 362.0 0.0441 10667.7064
358.0 351.0 0.0711 10586.6650
391.0 347.0 0.0141 10757.6536
422.0 338.0 0.0044 10786.8268
457.0 340.0 0.0039 10788.1954
473.0 345.0 0.0047 10786.0073
16.0 381.0 0.0052 10784.5122
42.0 371.0 0.0133 10760.2311
74.0 373.0 0.0128 10761.5920
123.0 387.0 0.0520 10644.0580
161.0 388.0 0.0047 10786.0087
180.0 371.0 0.0400 10680.0813
215.0 386.0 0.0200 10740.0864
248.0 391.0 0.0048 10785.6437
285.0 374.0 0.0230 10731.0350
327.0 373.0 0.0413 10675.9855
356.0 391.0 0.0046 10786.2999
389.0 386.0 0.0301 10709.6723
418.0 376.0 0.0196 10741.3168
455.0 386.0 0.0044 10786.7925
475.0 388.0 0.0045 10786.4313
10.0 410.0 0.0051 10784.7468
56.0 410.0 0.0038 10788.6196
70.0 420.0 0.0188 10743.4777
119.0 421.0 0.0042 10787.3427
152.0 422.0 0.0209 10737.2315
170.0 415.0 0.0216 10735.2485
204.0 427.0 0.0134 10759.9155
240.0 411.0 0.0177 10746.9306
295.0 408.0 0.0300 10709.9222
319.0 403.0 0.0126 10762.2851
351.0 418.0 0.0242 10727.2698
381.0 420.0 0.0119 10764.4280
421.0 411.0 0.0328 10701.7136
444.0 426.0 0.0116 10765.1060
484.0 429.0 0.0048 10785.5480
28.0 451.0 0.0043 10787.0125
50.0 438.0 0.0059 10782.3982
91.0 454.0 0.0053 10783.9853
127.0 439.0 0.0048 10785.6275
157.0 457.0 0.0050 10784.9922
185.0 457.0 0.0052 10784.4986
218.0 460.0 0.0041 10787.7955
257.0 448.0 0.0042 10787.2987
285.0 458.0 0.0045 10786.4973
305.0 447.0 0.0048 10785.6640
354.0 446.0 0.0045 10786.4208
372.0 455.0 0.0039 10788.3936
422.0 453.0 0.0041 10787.6449
459.0 453.0 0.0053 10784.1618
495.0 448.0 0.0047 10785.7860
13.0 473.0 0.0047 10785.9785
40.0 486.0 0.0038 10788.4723
83.0 470.0 0.0048 10785.7150
114.0 495.0 0.0041 10787.6148
150.0 480.0 0.0044 10786.8297
178.0 470.0 0.0051 10784.6677
208.0 474.0 0.0045 10786.4344
263.0 492.0 0.0056 10783.2219
272.0 488.0 0.0048 10785.5421
317.0 495.0 0.0051 10784.5817
343.0 493.0 0.0041 10787.6863
393.0 493.0 0.0054 10783.7952
427.0 474.0 0.0040 10788.0419
462.0 475.0 0.0043 10787.0245
495.0 493.0 0.0047 10785.9272
410.0 369.0 0.0048 10785.5711
269.0 92.0 0.0231 10730.8370
175.0 291.0 0.0220 10733.8951
29.0 137.0 0.0046 10786.2079
235.0 30.0 0.0049 10785.3487
99.0 292.0 0.0142 10757.3342
392.0 45.0 0.0332 10700.4187
468.0 463.0 0.0043 10787.1528
253.0 249.0 0.0021 10793.8076
380.0 183.0 0.0042 10787.5254
485.0 240.0 0.0051 10784.7713
55.0 45.0 0.0052 10784.3175
450.0 62.0 0.0051 10784.6168
256.0 128.0 0.0216 10735.3152
13.0 433.0 0.0049 10785.3134
352.0 5.0 0.0048 10785.5987
238.0 281.0 0.1375 10387.4006
331.0 114.0 0.0327 10701.9804
79.0 322.0 0.0203 10739.1305
219.0 289.0 0.0028 10791.6800
473.0 21.0 0.0049 10785.1929
217.0 486.0 0.0044 10786.8383
137.0 273.0 0.0212 10736.4820
473.0 14.0 0.0053 10784.2223
89.0 446.0 0.0049 10785.4244
