10.0 26.0 0.0043 10787.1328
59.0 19.0 0.0047 10785.8686
81.0 27.0 0.0045 10786.4540
102.0 17.0 0.0048 10785.7293
161.0 20.0 0.0051 10784.8079
185.0 28.0 0.0040 10788.0383
223.0 26.0 0.0042 10787.5108
241.0 23.0 0.0046 10786.0529
281.0 3.0 0.0054 10783.7497
305.0 22.0 0.0048 10785.5418
345.0 14.0 0.0044 10786.9440
394.0 22.0 0.0055 10783.4544
421.0 26.0 0.0039 10788.2234
456.0 20.0 0.0049 10785.2982
497.0 19.0 0.0054 10783.7415
28.0 46.0 0.0051 10784.7363
47.0 54.0 0.0044 10786.6560
75.0 56.0 0.0041 10787.5865
105.0 53.0 0.0038 10788.7305
139.0 35.0 0.0048 10785.5700
190.0 48.0 0.0041 10787.7432
227.0 42.0 0.0037 10788.8995
264.0 47.0 0.0046 10786.2056
270.0 36.0 0.0046 10786.2856
318.0 51.0 0.0047 10785.9168
341.0 49.0 0.0054 10783.7241
395.0 61.0 0.0135 10759.6138
416.0 53.0 0.0139 10758.1963
456.0 52.0 0.0046 10786.1204
474.0 64.0 0.0045 10786.4730
25.0 93.0 0.0050 10784.9305
54.0 81.0 0.0054 10783.9410
68.0 83.0 0.0138 10758.5009
113.0 96.0 0.0416 10675.2680
150.0 69.0 0.0138 10758.5923
197.0 86.0 0.0051 10784.5784
217.0 80.0 0.0050 10785.0067
256.0 89.0 0.0243 10726.9851
293.0 71.0 0.0131 10760.6966
327.0 81.0 0.0232 10730.5224
351.0 86.0 0.0044 10786.7827
369.0 73.0 0.0128 10761.6624
406.0 82.0 0.0155 10753.4038
457.0 68.0 0.0040 10787.9141
475.0 92.0 0.0048 10785.6864
28.0 120.0 0.0061 10781.6385
59.0 105.0 0.0131 10760.6781
87.0 111.0 0.0132 10760.4674
119.0 110.0 0.0134 10759.9404
147.0 112.0 0.0130 10761.0687
188.0 103.0 0.0201 10739.6943
202.0 103.0 0.0110 10767.1395
251.0 130.0 0.0208 10737.4873
278.0 126.0 0.0226 10732.3097
329.0 108.0 0.0239 10728.3912
357.0 112.0 0.0210 10736.8612
371.0 109.0 0.0054 10783.7652
410.0 119.0 0.0282 10715.3171
446.0 120.0 0.0050 10785.0263
478.0 106.0 0.0040 10788.0527
7.0 164.0 0.0055 10783.6186
58.0 152.0 0.0046 10786.0991
89.0 161.0 0.0157 10752.9356
119.0 159.0 0.0054 10783.8599
136.0 141.0 0.0361 10691.8075
184.0 147.0 0.0845 10546.5998
202.0 149.0 0.0053 10784.0592
263.0 159.0 0.0044 10786.8758
272.0 149.0 0.0508 10647.5679
330.0 137.0 0.0311 10706.6959
355.0 145.0 0.0051 10784.6521
394.0 151.0 0.0050 10785.0661
427.0 160.0 0.0301 10709.6420
435.0 153.0 0.0044 10786.7211
469.0 141.0 0.0046 10786.0620
28.0 168.0 0.0048 10785.5024
35.0 180.0 0.0050 10785.0409
94.0 180.0 0.0230 10731.0844
109.0 170.0 0.0051 10784.6819
142.0 172.0 0.0253 10724.2451
174.0 190.0 0.0199 10740.1684
206.0 172.0 0.1232 10430.2572
260.0 183.0 0.0499 10650.1850
275.0 176.0 0.0566 10630.2382
320.0 177.0 0.0406 10678.1324
349.0 192.0 0.0407 10677.7878
375.0 177.0 0.0047 10785.9966
411.0 197.0 0.0198 10740.4523
456.0 187.0 0.0048 10785.5345
468.0 196.0 0.0051 10784.6707
25.0 203.0 0.0047 10785.9429
40.0 213.0 0.0040 10787.9856
83.0 202.0 0.0129 10761.2843
115.0 205.0 0.0185 10744.4046
162.0 219.0 0.0430 10671.0093
174.0 227.0 0.1230 10431.0927
226.0 231.0 0.0801 10559.7967
239.0 208.0 0.0911 10526.6160
279.0 218.0 0.0492 10652.3449
302.0 212.0 0.1792 10262.4456
346.0 219.0 0.0395 10681.4816
385.0 222.0 0.0394 10681.7367
417.0 208.0 0.0054 10783.7457
440.0 219.0 0.0050 10784.8659
471.0 202.0 0.0052 10784.5187
13.0 241.0 0.0048 10785.5893
39.0 245.0 0.0051 10784.8365
96.0 240.0 0.0219 10734.1940
129.0 259.0 0.0132 10760.4204
135.0 238.0 0.0050 10784.9858
192.0 256.0 0.0254 10723.7264
213.0 254.0 0.0683 10595.2481
253.0 257.0 0.0517 10644.8120
282.0 249.0 0.0673 10598.0886
326.0 235.0 0.0220 10733.9763
343.0 257.0 0.0436 10669.2971
395.0 245.0 0.0125 10762.3919
422.0 247.0 0.0147 10755.7986
459.0 237.0 0.0038 10788.5713
483.0 263.0 0.0057 10782.9840
29.0 295.0 0.0046 10786.3369
50.0 281.0 0.0045 10786.3990
83.0 289.0 0.0032 10790.3979
127.0 294.0 0.0053 10784.1381
143.0 287.0 0.0546 10636.1082
186.0 278.0 0.0598 10620.4749
212.0 276.0 0.0576 10627.2157
258.0 277.0 0.0778 10566.7114
277.0 290.0 0.0998 10500.7125
320.0 292.0 0.0726 10582.2016
338.0 269.0 0.0243 10727.2420
373.0 273.0 0.0585 10624.4008
430.0 278.0 0.0245 10726.5726
448.0 269.0 0.0042 10787.5287
483.0 289.0 0.0043 10786.9986
30.0 326.0 0.0042 10787.5342
53.0 331.0 0.0051 10784.7653
91.0 304.0 0.0101 10769.6965
105.0 312.0 0.0406 10678.1797
142.0 321.0 0.0131 10760.6001
187.0 324.0 0.0422 10673.3420
223.0 326.0 0.0476 10657.3382
239.0 316.0 0.0271 10718.7062
297.0 301.0 0.0039 10788.4242
321.0 319.0 0.0291 10712.6214
358.0 329.0 0.0430 10670.9511
378.0 302.0 0.0048 10785.7311
425.0 315.0 0.0041 10787.8052
442.0 324.0 0.0046 10786.3029
491.0 306.0 0.0042 10787.3774
13.0 348.0 0.0051 10784.7143
38.0 339.0 0.0041 10787.8201
79.0 348.0 0.0242 10727.2683
121.0 353.0 0.0500 10650.1192
150.0 343.0 0.0131 10760.7629
186.0 347.0 0.0125 10762.3507
217.0 354.0 0.0314 10705.8112
247.0 360.0 0.0209 10737.3586
282.0 343.0 0.0636 10609.3247
307.0 355.0 0.0596 10621.0535
336.0 363.0 0.0217 10734.9212
369.0 361.0 0.0657 10602.8826
403.0 352.0 0.0237 10728.8180
453.0 363.0 0.0049 10785.4315
477.0 338.0 0.0041 10787.7642
4.0 369.0 0.0046 10786.2339
62.0 397.0 0.0043 10787.0413
78.0 392.0 0.0053 10784.0926
123.0 383.0 0.0245 10726.4680
139.0 375.0 0.0135 10759.5457
178.0 384.0 0.0043 10787.0761
203.0 389.0 0.0219 10734.4095
244.0 375.0 0.0127 10761.9728
283.0 372.0 0.0051 10784.6179
303.0 383.0 0.0044 10786.7239
343.0 383.0 0.0037 10788.7708
397.0 385.0 0.0115 10765.5226
413.0 392.0 0.0143 10757.1671
437.0 384.0 0.0123 10763.1861
480.0 384.0 0.0047 10786.0389
31.0 414.0 0.0048 10785.5416
64.0 417.0 0.0141 10757.6426
78.0 416.0 0.0124 10762.8401
123.0 421.0 0.0143 10756.9678
150.0 423.0 0.0050 10785.0307
185.0 428.0 0.0209 10737.2720
217.0 408.0 0.0305 10708.3872
253.0 421.0 0.0046 10786.0716
292.0 412.0 0.0193 10741.9654
309.0 426.0 0.0135 10759.4586
348.0 428.0 0.0047 10785.7802
369.0 405.0 0.0304 10708.7327
423.0 425.0 0.0299 10710.3287
464.0 416.0 0.0054 10783.7945
480.0 404.0 0.0049 10785.4470
13.0 459.0 0.0046 10786.1198
60.0 440.0 0.0054 10783.6768
84.0 456.0 0.0049 10785.2112
123.0 459.0 0.0047 10785.7673
162.0 451.0 0.0040 10788.0015
180.0 454.0 0.0041 10787.8270
230.0 458.0 0.0047 10785.9331
263.0 439.0 0.0043 10787.0314
269.0 437.0 0.0043 10787.2174
308.0 444.0 0.0051 10784.6308
356.0 436.0 0.0044 10786.8248
376.0 443.0 0.0049 10785.2947
430.0 450.0 0.0042 10787.4487
449.0 460.0 0.0046 10786.2845
491.0 440.0 0.0044 10786.7376
21.0 492.0 0.0053 10784.1830
44.0 487.0 0.0042 10787.4146
83.0 489.0 0.0044 10786.7108
112.0 479.0 0.0046 10786.1399
138.0 492.0 0.0046 10786.1175
187.0 492.0 0.0055 10783.5435
228.0 476.0 0.0034 10789.7483
250.0 486.0 0.0050 10784.8568
273.0 488.0 0.0045 10786.5020
326.0 494.0 0.0050 10784.9930
348.0 488.0 0.0040 10788.0595
394.0 488.0 0.0055 10783.6317
404.0 478.0 0.0046 10786.2276
462.0 471.0 0.0035 10789.6011
491.0 478.0 0.0048 10785.5280
162.0 340.0 0.0213 10736.0157
237.0 105.0 0.0472 10658.3335
450.0 0.0 0.0045 10786.4686
114.0 281.0 0.0219 10734.2213
357.0 171.0 0.0424 10672.8792
214.0 149.0 0.0048 10785.6160
379.0 399.0 0.0045 10786.4256
289.0 285.0 0.0532 10640.2559
277.0 306.0 0.0485 10654.4222
170.0 0.0 0.0039 10788.1726
353.0 154.0 0.0223 10733.1407
198.0 314.0 0.0741 10577.7008
448.0 318.0 0.0055 10783.4032
497.0 118.0 0.0042 10787.4962
5.0 206.0 0.0044 10786.7688
305.0 264.0 0.0185 10744.6321
482.0 475.0 0.0039 10788.3162
275.0 261.0 0.1081 10475.7854
450.0 261.0 0.0043 10787.0667
102.0 194.0 0.0134 10759.8095
134.0 379.0 0.0044 10786.7825
60.0 387.0 0.0134 10759.7050
370.0 19.0 0.0040 10787.8528
393.0 271.0 0.0054 10783.7523
272.0 43.0 0.0052 10784.4713
