15.0 19.0 0.0047 10785.8532
45.0 4.0 0.0046 10786.3268
84.0 28.0 0.0056 10783.0969
116.0 3.0 0.0049 10785.3902
164.0 26.0 0.0049 10785.4075
184.0 15.0 0.0037 10788.9852
209.0 22.0 0.0044 10786.8348
235.0 14.0 0.0049 10785.2308
281.0 0.0 0.0042 10787.5421
307.0 5.0 0.0046 10786.1376
353.0 15.0 0.0046 10786.1704
396.0 10.0 0.0049 10785.1875
409.0 6.0 0.0052 10784.5066
453.0 18.0 0.0048 10785.5755
488.0 7.0 0.0047 10786.0393
29.0 55.0 0.0049 10785.3108
46.0 34.0 0.0046 10786.2372
98.0 65.0 0.0053 10784.2487
108.0 59.0 0.0125 10762.3987
137.0 63.0 0.0048 10785.5604
189.0 37.0 0.0040 10788.0913
215.0 51.0 0.0051 10784.5911
260.0 57.0 0.0042 10787.2913
283.0 48.0 0.0041 10787.7089
309.0 59.0 0.0037 10789.0042
334.0 65.0 0.0136 10759.2603
393.0 41.0 0.0051 10784.8262
433.0 61.0 0.0128 10761.4595
441.0 38.0 0.0045 10786.3656
485.0 39.0 0.0044 10786.9149
15.0 99.0 0.0052 10784.5062
38.0 76.0 0.0051 10784.7436
86.0 75.0 0.0046 10786.2636
109.0 84.0 0.0236 10729.3296
150.0 77.0 0.0137 10758.9642
191.0 75.0 0.0047 10785.7860
201.0 84.0 0.0112 10766.3473
259.0 69.0 0.0197 10741.0411
294.0 68.0 0.0043 10786.9642
312.0 72.0 0.0050 10785.0452
334.0 94.0 0.0324 10702.9434
398.0 94.0 0.0118 10764.5706
420.0 89.0 0.0321 10703.7721
440.0 87.0 0.0050 10784.9474
498.0 85.0 0.0048 10785.4740
18.0 126.0 0.0052 10784.5307
44.0 102.0 0.0124 10762.9139
88.0 104.0 0.0049 10785.3244
113.0 113.0 0.0237 10728.9211
137.0 106.0 0.0053 10784.0543
172.0 110.0 0.0369 10689.3716
209.0 106.0 0.0507 10647.9789
241.0 100.0 0.0145 10756.6497
273.0 116.0 0.0505 10648.4176
301.0 123.0 0.0049 10785.4136
343.0 130.0 0.0043 10787.1015
393.0 102.0 0.0149 10755.1850
431.0 124.0 0.0047 10785.9085
444.0 121.0 0.0045 10786.5207
488.0 115.0 0.0040 10788.0209
9.0 165.0 0.0051 10784.8004
45.0 156.0 0.0046 10786.3435
90.0 157.0 0.0155 10753.5464
106.0 154.0 0.0460 10662.0964
148.0 162.0 0.0046 10786.1079
189.0 146.0 0.0438 10668.6809
201.0 155.0 0.0410 10677.0889
255.0 135.0 0.0518 10644.6106
285.0 161.0 0.0371 10688.6550
315.0 164.0 0.0047 10785.7900
347.0 137.0 0.0526 10642.2636
383.0 150.0 0.0142 10757.3131
416.0 134.0 0.0325 10702.4805
442.0 148.0 0.0133 10760.1048
473.0 153.0 0.0051 10784.8015
1.0 167.0 0.0058 10782.7245
50.0 198.0 0.0046 10786.2762
66.0 172.0 0.0143 10757.1826
126.0 182.0 0.0235 10729.5481
143.0 185.0 0.0041 10787.6958
176.0 186.0 0.0118 10764.6783
208.0 177.0 0.0483 10655.1313
241.0 189.0 0.0626 10612.0684
268.0 188.0 0.0037 10789.0351
302.0 191.0 0.0735 10579.6077
335.0 169.0 0.0562 10631.4393
366.0 180.0 0.0274 10717.7387
418.0 184.0 0.0046 10786.0649
439.0 192.0 0.0046 10786.2291
474.0 178.0 0.0050 10785.0745
12.0 208.0 0.0050 10784.9979
55.0 219.0 0.0043 10787.0740
77.0 214.0 0.0317 10704.8262
104.0 224.0 0.0047 10785.7949
135.0 229.0 0.0521 10643.6496
168.0 206.0 0.0763 10571.0828
221.0 200.0 0.1066 10480.3147
260.0 229.0 0.0771 10568.7923
275.0 202.0 0.1042 10487.4865
325.0 227.0 0.0044 10786.7937
347.0 227.0 0.0510 10646.9612
384.0 217.0 0.0033 10789.9920
431.0 204.0 0.0052 10784.3443
464.0 221.0 0.0048 10785.5833
486.0 232.0 0.0042 10787.2596
9.0 240.0 0.0042 10787.5164
44.0 248.0 0.0047 10786.0169
73.0 234.0 0.0044 10786.7314
121.0 256.0 0.0398 10680.4630
144.0 261.0 0.0496 10651.0846
183.0 250.0 0.0349 10695.3419
223.0 239.0 0.1246 10426.3310
234.0 263.0 0.1554 10333.7544
292.0 234.0 0.1539 10338.2901
324.0 237.0 0.1031 10490.7741
351.0 248.0 0.0099 10770.2306
385.0 245.0 0.0194 10741.8230
428.0 246.0 0.0052 10784.5491
435.0 262.0 0.0044 10786.9149
482.0 251.0 0.0038 10788.6240
26.0 289.0 0.0037 10788.9274
42.0 272.0 0.0044 10786.6635
97.0 294.0 0.0307 10707.9581
123.0 286.0 0.0053 10784.1823
155.0 286.0 0.0047 10785.7818
181.0 270.0 0.0346 10696.0759
216.0 280.0 0.0660 10601.9905
244.0 274.0 0.0384 10684.8714
294.0 274.0 0.1142 10457.2869
303.0 287.0 0.0960 10512.0495
362.0 297.0 0.0293 10712.0338
374.0 293.0 0.0131 10760.7593
422.0 271.0 0.0415 10675.5628
463.0 297.0 0.0052 10784.5419
472.0 297.0 0.0034 10789.8618
20.0 311.0 0.0043 10787.0769
45.0 303.0 0.0050 10784.8507
91.0 321.0 0.0051 10784.6565
130.0 311.0 0.0052 10784.4040
165.0 328.0 0.0285 10714.3863
178.0 314.0 0.1197 10440.7530
215.0 305.0 0.0958 10512.6400
234.0 320.0 0.0446 10666.2718
295.0 303.0 0.0578 10626.6298
302.0 310.0 0.0221 10733.7456
334.0 319.0 0.0539 10638.3435
381.0 314.0 0.0749 10575.4053
427.0 318.0 0.0041 10787.5502
464.0 332.0 0.0045 10786.4680
472.0 304.0 0.0038 10788.5938
23.0 366.0 0.0051 10784.7000
47.0 359.0 0.0047 10786.0238
83.0 344.0 0.0231 10730.8340
102.0 344.0 0.0044 10786.6894
150.0 361.0 0.0413 10676.0590
177.0 366.0 0.0348 10695.5742
221.0 365.0 0.0322 10703.3260
252.0 354.0 0.0283 10715.2306
277.0 356.0 0.0144 10756.6985
303.0 354.0 0.0046 10786.1310
334.0 352.0 0.0052 10784.4240
395.0 352.0 0.0503 10649.1214
409.0 353.0 0.0130 10761.0653
454.0 339.0 0.0044 10786.7676
494.0 359.0 0.0046 10786.1205
13.0 391.0 0.0050 10784.9364
56.0 392.0 0.0050 10785.0160
91.0 399.0 0.0280 10716.1233
125.0 385.0 0.0317 10704.7570
137.0 370.0 0.0365 10690.6022
168.0 389.0 0.0044 10786.6581
226.0 367.0 0.0051 10784.7972
242.0 369.0 0.0042 10787.5419
293.0 368.0 0.0216 10735.1870
333.0 393.0 0.0150 10755.0172
355.0 370.0 0.0603 10619.1638
366.0 376.0 0.0036 10789.3175
431.0 386.0 0.0512 10646.5424
463.0 370.0 0.0041 10787.6247
468.0 394.0 0.0047 10785.8754
23.0 410.0 0.0055 10783.5964
66.0 408.0 0.0043 10786.9530
85.0 425.0 0.0133 10760.0683
109.0 418.0 0.0046 10786.0940
162.0 422.0 0.0048 10785.4548
198.0 432.0 0.0122 10763.4764
216.0 406.0 0.0416 10675.2763
250.0 414.0 0.0046 10786.1090
292.0 400.0 0.0206 10738.2190
310.0 425.0 0.0042 10787.5442
346.0 407.0 0.0320 10703.8774
393.0 427.0 0.0116 10765.2008
403.0 424.0 0.0040 10787.9813
459.0 404.0 0.0134 10759.8512
467.0 403.0 0.0051 10784.7000
21.0 454.0 0.0049 10785.2555
36.0 464.0 0.0055 10783.6340
99.0 460.0 0.0047 10785.8964
101.0 459.0 0.0043 10787.2239
150.0 434.0 0.0039 10788.1976
192.0 457.0 0.0034 10789.7951
230.0 437.0 0.0048 10785.5978
238.0 433.0 0.0043 10787.0991
292.0 448.0 0.0043 10787.2309
302.0 452.0 0.0047 10785.8240
344.0 464.0 0.0048 10785.5096
383.0 437.0 0.0038 10788.6586
430.0 460.0 0.0041 10787.7629
449.0 461.0 0.0046 10786.2481
489.0 441.0 0.0046 10786.3332
25.0 481.0 0.0050 10785.1188
54.0 473.0 0.0044 10786.6862
77.0 474.0 0.0049 10785.1657
104.0 467.0 0.0043 10787.2024
148.0 489.0 0.0044 10786.8002
198.0 491.0 0.0052 10784.3890
209.0 491.0 0.0043 10787.0878
248.0 486.0 0.0052 10784.5445
297.0 475.0 0.0043 10787.0922
319.0 492.0 0.0051 10784.8182
344.0 488.0 0.0044 10786.6771
367.0 473.0 0.0055 10783.5768
410.0 469.0 0.0052 10784.2708
447.0 484.0 0.0045 10786.5573
496.0 475.0 0.0044 10786.7188
436.0 346.0 0.0053 10784.1639
98.0 317.0 0.0125 10762.4562
472.0 20.0 0.0048 10785.6403
206.0 261.0 0.0436 10669.3306
156.0 160.0 0.0367 10689.7890
440.0 340.0 0.0053 10784.0244
452.0 437.0 0.0030 10790.9930
332.0 17.0 0.0047 10785.8308
200.0 69.0 0.0051 10784.6773
54.0 315.0 0.0051 10784.5680
172.0 25.0 0.0056 10783.3468
154.0 172.0 0.0041 10787.7546
490.0 444.0 0.0052 10784.4594
228.0 417.0 0.0034 10789.7678
225.0 36.0 0.0040 10787.8940
96.0 197.0 0.0126 10762.1407
73.0 99.0 0.0032 10790.3027
340.0 284.0 0.1002 10499.5337
416.0 313.0 0.0045 10786.4313
389.0 175.0 0.0336 10699.0553
70.0 104.0 0.0036 10789.2689
388.0 447.0 0.0047 10785.8188
263.0 332.0 0.0391 10682.7167
378.0 454.0 0.0053 10784.1429
154.0 434.0 0.0119 10764.3208
