12.0 10.0 0.0046 10786.2497
35.0 14.0 0.0040 10788.0735
61.0 10.0 0.0046 10786.0930
89.0 10.0 0.0052 10784.5255
110.0 14.0 0.0053 10784.1820
137.0 14.0 0.0048 10785.4548
164.0 12.0 0.0058 10782.6746
187.0 11.0 0.0041 10787.6297
213.0 13.0 0.0043 10787.0983
237.0 10.0 0.0045 10786.3949
261.0 14.0 0.0041 10787.7068
289.0 13.0 0.0050 10785.1344
311.0 13.0 0.0055 10783.4093
336.0 11.0 0.0044 10786.8469
364.0 13.0 0.0050 10784.8532
386.0 14.0 0.0055 10783.5049
414.0 12.0 0.0050 10784.9570
436.0 12.0 0.0049 10785.1941
463.0 13.0 0.0047 10785.9818
485.0 10.0 0.0042 10787.3221
11.0 36.0 0.0045 10786.3914
38.0 38.0 0.0055 10783.5750
60.0 35.0 0.0045 10786.4865
86.0 37.0 0.0057 10782.9252
113.0 38.0 0.0047 10785.9426
138.0 37.0 0.0045 10786.6344
162.0 37.0 0.0060 10782.0786
188.0 35.0 0.0046 10786.2962
210.0 38.0 0.0049 10785.2094
239.0 37.0 0.0039 10788.4356
264.0 35.0 0.0046 10786.1969
289.0 36.0 0.0047 10785.9369
312.0 35.0 0.0053 10784.0311
337.0 35.0 0.0049 10785.4042
360.0 37.0 0.0046 10786.1400
385.0 38.0 0.0058 10782.7488
414.0 38.0 0.0052 10784.2826
438.0 35.0 0.0053 10783.9697
460.0 37.0 0.0045 10786.3631
487.0 38.0 0.0053 10784.2451
14.0 63.0 0.0051 10784.5768
39.0 62.0 0.0046 10786.2538
60.0 61.0 0.0039 10788.2111
89.0 63.0 0.0229 10731.4163
113.0 64.0 0.0051 10784.7495
138.0 62.0 0.0047 10785.8250
161.0 60.0 0.0135 10759.5014
187.0 60.0 0.0046 10786.3188
213.0 64.0 0.0049 10785.1950
237.0 62.0 0.0041 10787.7584
264.0 64.0 0.0047 10785.9416
288.0 64.0 0.0047 10786.0500
312.0 64.0 0.0054 10783.7905
337.0 60.0 0.0047 10785.9013
361.0 61.0 0.0048 10785.5391
388.0 61.0 0.0044 10786.8204
410.0 61.0 0.0057 10782.8840
435.0 61.0 0.0052 10784.5495
461.0 61.0 0.0042 10787.3455
489.0 62.0 0.0041 10787.6206
11.0 88.0 0.0043 10787.2421
39.0 88.0 0.0138 10758.7097
64.0 87.0 0.0049 10785.1860
86.0 89.0 0.0130 10761.1171
113.0 89.0 0.0143 10757.1670
138.0 88.0 0.0054 10783.9232
160.0 88.0 0.0144 10756.7624
188.0 87.0 0.0126 10762.2984
214.0 85.0 0.0220 10734.0056
239.0 85.0 0.0389 10683.3912
261.0 85.0 0.0137 10758.9883
287.0 88.0 0.0050 10784.9471
314.0 86.0 0.0213 10736.2010
335.0 87.0 0.0156 10753.0869
364.0 85.0 0.0221 10733.6285
388.0 85.0 0.0232 10730.5429
412.0 86.0 0.0267 10719.8706
438.0 89.0 0.0050 10784.9828
460.0 86.0 0.0139 10758.2465
489.0 85.0 0.0047 10785.7624
13.0 113.0 0.0049 10785.2504
37.0 112.0 0.0053 10784.2003
62.0 113.0 0.0054 10783.9307
85.0 114.0 0.0327 10701.7894
112.0 112.0 0.0227 10732.0064
137.0 110.0 0.0153 10754.0326
163.0 111.0 0.0689 10593.2205
187.0 114.0 0.0053 10784.2340
211.0 112.0 0.0223 10733.1963
237.0 112.0 0.0300 10709.9937
263.0 112.0 0.0127 10761.8983
285.0 111.0 0.0143 10757.0167
310.0 112.0 0.0154 10753.6540
335.0 112.0 0.0249 10725.2859
364.0 111.0 0.0226 10732.2961
385.0 112.0 0.0051 10784.7285
410.0 113.0 0.0216 10735.1083
436.0 110.0 0.0053 10784.1665
460.0 113.0 0.0053 10784.0846
489.0 113.0 0.0055 10783.4547
11.0 135.0 0.0046 10786.3299
37.0 138.0 0.0048 10785.5750
63.0 139.0 0.0044 10786.6799
87.0 137.0 0.0051 10784.7659
111.0 137.0 0.0229 10731.1777
135.0 135.0 0.0120 10764.1212
163.0 137.0 0.0231 10730.5864
189.0 137.0 0.0236 10729.2495
212.0 136.0 0.0131 10760.6471
238.0 139.0 0.0302 10709.3635
263.0 139.0 0.0208 10737.6682
287.0 138.0 0.0042 10787.4333
314.0 135.0 0.0472 10658.4423
336.0 139.0 0.0329 10701.2701
363.0 137.0 0.0687 10593.9512
387.0 138.0 0.0231 10730.7239
412.0 137.0 0.0050 10785.0063
436.0 137.0 0.0050 10784.8965
464.0 135.0 0.0050 10785.1227
489.0 135.0 0.0046 10786.1224
10.0 162.0 0.0054 10783.8763
35.0 162.0 0.0044 10786.7292
61.0 163.0 0.0048 10785.5277
85.0 162.0 0.0213 10735.9941
111.0 163.0 0.0128 10761.7073
136.0 164.0 0.0242 10727.5105
160.0 160.0 0.0543 10637.2274
186.0 164.0 0.0145 10756.4268
210.0 162.0 0.0389 10683.4160
239.0 162.0 0.0332 10700.2528
261.0 163.0 0.1067 10480.0214
289.0 164.0 0.0469 10659.4130
313.0 162.0 0.0121 10763.7226
335.0 163.0 0.0420 10673.9415
360.0 160.0 0.0151 10754.6510
387.0 164.0 0.0236 10729.1402
414.0 161.0 0.0233 10730.0903
439.0 160.0 0.0053 10784.2451
463.0 161.0 0.0045 10786.5166
488.0 164.0 0.0056 10783.1140
13.0 187.0 0.0057 10783.0377
36.0 187.0 0.0045 10786.5234
62.0 188.0 0.0051 10784.6381
86.0 187.0 0.0045 10786.6143
111.0 187.0 0.0211 10736.7210
139.0 188.0 0.0131 10760.5903
161.0 187.0 0.0593 10622.1963
186.0 185.0 0.0768 10569.7292
213.0 185.0 0.0686 10594.1274
235.0 187.0 0.0583 10625.1562
262.0 188.0 0.0804 10558.7594
287.0 189.0 0.0037 10788.7799
311.0 186.0 0.0314 10705.7483
335.0 189.0 0.0615 10615.4663
360.0 189.0 0.0146 10756.2100
389.0 185.0 0.0219 10734.3740
413.0 186.0 0.0039 10788.3281
435.0 187.0 0.0048 10785.5317
462.0 188.0 0.0055 10783.5049
485.0 185.0 0.0054 10783.7648
11.0 211.0 0.0048 10785.5799
39.0 212.0 0.0052 10784.2978
60.0 212.0 0.0045 10786.3896
85.0 210.0 0.0138 10758.4638
113.0 214.0 0.0126 10762.3168
137.0 213.0 0.0050 10785.0528
164.0 211.0 0.0140 10757.9636
189.0 210.0 0.0277 10716.7790
210.0 214.0 0.0913 10526.1903
237.0 210.0 0.0371 10688.6060
261.0 213.0 0.1003 10498.9777
287.0 211.0 0.0898 10530.5883
314.0 211.0 0.1196 10441.1765
338.0 213.0 0.0118 10764.5010
360.0 214.0 0.0051 10784.5831
388.0 213.0 0.0048 10785.7020
412.0 212.0 0.0149 10755.4493
436.0 214.0 0.0054 10783.7854
464.0 210.0 0.0044 10786.8829
486.0 210.0 0.0041 10787.5790
14.0 236.0 0.0044 10786.7380
36.0 236.0 0.0048 10785.5416
62.0 236.0 0.0046 10786.1623
86.0 237.0 0.0224 10732.8921
112.0 237.0 0.0048 10785.4705
138.0 235.0 0.0381 10685.5720
163.0 237.0 0.0873 10538.0102
189.0 236.0 0.0183 10745.0555
214.0 239.0 0.1127 10461.7949
237.0 238.0 0.1054 10483.8280
261.0 237.0 0.0941 10517.5923
288.0 235.0 0.0166 10750.2713
310.0 235.0 0.0111 10766.5659
339.0 239.0 0.0055 10783.5891
364.0 235.0 0.0127 10761.8030
389.0 239.0 0.0470 10658.8783
413.0 239.0 0.0457 10662.8986
439.0 235.0 0.0049 10785.3109
460.0 235.0 0.0038 10788.6557
488.0 236.0 0.0041 10787.5795
11.0 261.0 0.0042 10787.3631
37.0 261.0 0.0043 10787.0152
60.0 260.0 0.0049 10785.3403
89.0 260.0 0.0283 10715.1450
114.0 260.0 0.0372 10688.3059
135.0 261.0 0.0216 10735.2052
162.0 261.0 0.0320 10703.9360
189.0 263.0 0.0719 10584.2444
213.0 263.0 0.0685 10594.5045
236.0 260.0 0.0459 10662.2428
263.0 262.0 0.0769 10569.2346
288.0 261.0 0.1166 10450.1016
310.0 262.0 0.0772 10568.5180
338.0 263.0 0.1342 10397.4875
362.0 262.0 0.0456 10663.0722
389.0 263.0 0.0130 10760.9688
414.0 263.0 0.0046 10786.2929
435.0 261.0 0.0040 10788.1412
463.0 260.0 0.0044 10786.9433
485.0 262.0 0.0042 10787.4015
10.0 285.0 0.0044 10786.8525
35.0 288.0 0.0046 10786.1472
64.0 287.0 0.0040 10787.9112
87.0 288.0 0.0206 10738.2406
111.0 289.0 0.0215 10735.3933
137.0 286.0 0.0046 10786.3436
164.0 285.0 0.0220 10733.8987
187.0 286.0 0.0201 10739.6934
212.0 289.0 0.0324 10702.7830
239.0 289.0 0.0632 10610.5384
261.0 287.0 0.2020 10193.9479
287.0 286.0 0.0384 10684.7840
312.0 285.0 0.0293 10712.2189
336.0 287.0 0.0142 10757.5100
363.0 286.0 0.0044 10786.8150
389.0 289.0 0.0138 10758.5138
410.0 285.0 0.0121 10763.5542
437.0 285.0 0.0049 10785.4106
460.0 285.0 0.0047 10785.7520
487.0 286.0 0.0051 10784.7780
10.0 312.0 0.0041 10787.5746
36.0 313.0 0.0042 10787.4101
61.0 311.0 0.0052 10784.5005
88.0 314.0 0.0141 10757.8052
113.0 313.0 0.0131 10760.8314
137.0 310.0 0.0153 10754.0558
163.0 314.0 0.0125 10762.5099
188.0 313.0 0.0331 10700.7235
211.0 313.0 0.0774 10567.7992
235.0 314.0 0.0192 10742.3679
261.0 312.0 0.1175 10447.5354
286.0 310.0 0.0198 10740.5323
311.0 311.0 0.1220 10434.1060
339.0 311.0 0.0487 10653.8154
363.0 313.0 0.0300 10710.1059
389.0 312.0 0.0235 10729.4996
411.0 311.0 0.0235 10729.6369
436.0 312.0 0.0047 10785.9867
460.0 312.0 0.0053 10784.2235
488.0 310.0 0.0045 10786.6049
13.0 337.0 0.0051 10784.6865
38.0 338.0 0.0048 10785.4957
61.0 337.0 0.0051 10784.6293
87.0 335.0 0.0047 10786.0012
112.0 337.0 0.0220 10733.9155
138.0 338.0 0.0143 10757.1549
161.0 335.0 0.0410 10677.0239
185.0 335.0 0.1210 10436.8740
212.0 335.0 0.0131 10760.6616
239.0 335.0 0.0929 10521.3114
264.0 335.0 0.0227 10731.9728
285.0 339.0 0.0214 10735.6554
311.0 335.0 0.0597 10620.9375
337.0 336.0 0.0621 10613.6487
361.0 335.0 0.0052 10784.4252
388.0 336.0 0.0128 10761.7236
410.0 335.0 0.0058 10782.7045
438.0 337.0 0.0124 10762.8089
462.0 338.0 0.0051 10784.6275
489.0 339.0 0.0052 10784.5241
13.0 361.0 0.0056 10783.2320
36.0 362.0 0.0047 10785.9084
63.0 364.0 0.0044 10786.6648
85.0 363.0 0.0297 10710.8592
111.0 361.0 0.0214 10735.7682
135.0 361.0 0.0711 10586.7663
161.0 360.0 0.0142 10757.3218
188.0 363.0 0.0438 10668.4567
212.0 363.0 0.0299 10710.3056
235.0 362.0 0.0208 10737.6898
263.0 360.0 0.0290 10713.0576
285.0 361.0 0.0129 10761.3973
310.0 360.0 0.0135 10759.5889
335.0 363.0 0.0240 10728.1279
362.0 364.0 0.0619 10614.4214
387.0 362.0 0.0140 10758.0035
410.0 362.0 0.0238 10728.5718
436.0 363.0 0.0048 10785.4757
462.0 361.0 0.0056 10783.0953
486.0 360.0 0.0051 10784.7000
10.0 388.0 0.0042 10787.4450
39.0 386.0 0.0051 10784.6275
60.0 385.0 0.0056 10783.1287
88.0 388.0 0.0043 10787.0200
113.0 387.0 0.0150 10755.0448
135.0 389.0 0.0295 10711.6300
164.0 389.0 0.0050 10784.8507
188.0 388.0 0.0140 10757.8556
212.0 387.0 0.0236 10729.2294
238.0 386.0 0.0124 10762.6803
263.0 385.0 0.0377 10686.9327
288.0 385.0 0.0130 10761.1323
313.0 388.0 0.0133 10759.9615
339.0 388.0 0.0220 10734.0195
362.0 387.0 0.0123 10763.1675
386.0 386.0 0.0142 10757.3074
411.0 387.0 0.0052 10784.3621
439.0 386.0 0.0057 10782.8019
461.0 387.0 0.0049 10785.1913
489.0 385.0 0.0047 10786.0172
14.0 412.0 0.0047 10785.9157
35.0 412.0 0.0049 10785.2467
61.0 412.0 0.0164 10750.8207
88.0 413.0 0.0264 10720.6778
114.0 412.0 0.0244 10726.7417
139.0 414.0 0.0143 10757.0434
161.0 411.0 0.0226 10732.2819
185.0 411.0 0.0049 10785.4117
212.0 414.0 0.0129 10761.2538
237.0 411.0 0.0376 10687.2562
263.0 412.0 0.0217 10734.8302
289.0 410.0 0.0129 10761.3750
313.0 411.0 0.0125 10762.3800
338.0 413.0 0.0138 10758.6270
363.0 412.0 0.0130 10760.8862
385.0 411.0 0.0235 10729.4223
411.0 412.0 0.0195 10741.4808
435.0 410.0 0.0141 10757.7249
460.0 410.0 0.0056 10783.2234
486.0 411.0 0.0048 10785.6385
10.0 439.0 0.0042 10787.2522
38.0 437.0 0.0053 10784.0676
61.0 438.0 0.0057 10783.0140
85.0 439.0 0.0135 10759.4090
111.0 439.0 0.0046 10786.2878
139.0 435.0 0.0050 10785.1497
162.0 435.0 0.0052 10784.5255
189.0 436.0 0.0049 10785.2925
212.0 438.0 0.0044 10786.6601
239.0 438.0 0.0047 10785.9614
260.0 438.0 0.0044 10786.7328
288.0 435.0 0.0047 10785.8250
313.0 438.0 0.0049 10785.3353
339.0 437.0 0.0046 10786.1585
361.0 435.0 0.0053 10784.1270
389.0 435.0 0.0148 10755.4920
414.0 436.0 0.0150 10754.9125
437.0 437.0 0.0041 10787.7984
462.0 435.0 0.0056 10783.2372
489.0 436.0 0.0050 10784.9819
12.0 464.0 0.0045 10786.5401
36.0 463.0 0.0039 10788.2042
61.0 463.0 0.0043 10787.0916
89.0 464.0 0.0049 10785.3682
111.0 464.0 0.0047 10785.8867
137.0 461.0 0.0054 10783.7157
162.0 461.0 0.0053 10784.0758
189.0 463.0 0.0044 10786.8410
214.0 464.0 0.0045 10786.6143
239.0 460.0 0.0045 10786.3796
264.0 464.0 0.0048 10785.6552
287.0 464.0 0.0049 10785.1578
310.0 461.0 0.0051 10784.7976
336.0 463.0 0.0043 10787.0167
364.0 464.0 0.0045 10786.5012
386.0 463.0 0.0051 10784.5818
413.0 461.0 0.0057 10782.7983
436.0 464.0 0.0051 10784.7368
464.0 461.0 0.0039 10788.3606
486.0 464.0 0.0041 10787.6320
13.0 489.0 0.0052 10784.3733
39.0 485.0 0.0049 10785.4014
62.0 485.0 0.0054 10783.6657
89.0 488.0 0.0051 10784.6066
113.0 486.0 0.0055 10783.5601
136.0 488.0 0.0049 10785.4420
162.0 487.0 0.0047 10785.8907
189.0 485.0 0.0053 10784.1458
210.0 487.0 0.0042 10787.2525
238.0 489.0 0.0048 10785.6782
263.0 488.0 0.0048 10785.4705
285.0 489.0 0.0045 10786.4870
310.0 488.0 0.0054 10783.6813
337.0 485.0 0.0053 10784.0344
361.0 487.0 0.0052 10784.4088
389.0 487.0 0.0058 10782.6366
413.0 489.0 0.0047 10785.9008
435.0 485.0 0.0053 10784.1289
460.0 489.0 0.0054 10783.8584
488.0 487.0 0.0057 10782.9062
