13.0 3.0 0.0052 10784.4955
28.0 7.0 0.0043 10786.9603
52.0 8.0 0.0048 10785.4613
92.0 4.0 0.0044 10786.7630
108.0 16.0 0.0041 10787.8416
150.0 10.0 0.0045 10786.4959
159.0 25.0 0.0057 10782.8695
194.0 18.0 0.0044 10786.9408
214.0 10.0 0.0049 10785.3579
248.0 21.0 0.0052 10784.5222
268.0 2.0 0.0044 10786.8600
278.0 1.0 0.0045 10786.5818
315.0 6.0 0.0058 10782.7022
341.0 25.0 0.0048 10785.5966
374.0 24.0 0.0051 10784.8413
400.0 12.0 0.0050 10784.8746
407.0 0.0 0.0047 10786.0034
448.0 0.0 0.0041 10787.7643
468.0 21.0 0.0042 10787.3086
500.0 0.0 0.0046 10786.1523
9.0 26.0 0.0047 10785.9986
34.0 31.0 0.0050 10785.0197
49.0 46.0 0.0050 10784.8598
95.0 24.0 0.0045 10786.3752
122.0 44.0 0.0046 10786.3145
133.0 29.0 0.0043 10787.2412
165.0 37.0 0.0048 10785.7357
186.0 31.0 0.0046 10786.2891
202.0 36.0 0.0053 10784.0808
244.0 48.0 0.0046 10786.2368
264.0 28.0 0.0045 10786.4870
293.0 44.0 0.0051 10784.6733
311.0 47.0 0.0060 10781.8557
341.0 48.0 0.0053 10784.1384
370.0 33.0 0.0048 10785.5881
392.0 48.0 0.0137 10758.9992
422.0 37.0 0.0133 10760.0345
444.0 45.0 0.0050 10785.0208
467.0 36.0 0.0043 10786.9866
480.0 33.0 0.0047 10785.9637
4.0 64.0 0.0048 10785.7089
25.0 73.0 0.0042 10787.5461
52.0 68.0 0.0047 10785.7629
86.0 61.0 0.0196 10741.1074
114.0 50.0 0.0051 10784.7782
143.0 61.0 0.0138 10758.7096
156.0 71.0 0.0048 10785.6994
188.0 70.0 0.0039 10788.1800
214.0 66.0 0.0118 10764.5422
234.0 63.0 0.0046 10786.1422
258.0 52.0 0.0047 10785.9552
300.0 60.0 0.0043 10787.2404
312.0 75.0 0.0047 10785.9287
341.0 72.0 0.0145 10756.4200
362.0 71.0 0.0288 10713.5095
395.0 49.0 0.0047 10786.0205
417.0 70.0 0.0045 10786.5018
450.0 53.0 0.0055 10783.4148
467.0 67.0 0.0050 10785.0712
494.0 75.0 0.0034 10789.8759
10.0 101.0 0.0047 10785.9048
45.0 90.0 0.0054 10783.9182
53.0 83.0 0.0127 10762.0132
79.0 97.0 0.0149 10755.2768
106.0 75.0 0.0241 10727.8451
148.0 76.0 0.0233 10730.2166
175.0 77.0 0.0051 10784.6116
179.0 76.0 0.0057 10782.8207
224.0 95.0 0.0218 10734.7412
229.0 76.0 0.0040 10788.1380
271.0 81.0 0.0227 10731.7560
288.0 91.0 0.0251 10724.8325
317.0 88.0 0.0043 10786.9614
327.0 99.0 0.0150 10755.0536
371.0 76.0 0.0043 10786.9758
400.0 97.0 0.0051 10784.7359
420.0 89.0 0.0234 10729.6722
442.0 84.0 0.0046 10786.3462
465.0 94.0 0.0051 10784.6799
495.0 90.0 0.0049 10785.3634
15.0 116.0 0.0050 10784.9037
38.0 114.0 0.0040 10787.8522
52.0 109.0 0.0053 10784.2314
95.0 116.0 0.0212 10736.4979
125.0 114.0 0.0308 10707.4522
144.0 103.0 0.0398 10680.4618
169.0 114.0 0.0050 10784.9723
178.0 111.0 0.0498 10650.6440
200.0 120.0 0.0308 10707.6690
242.0 105.0 0.0202 10739.3555
269.0 105.0 0.0039 10788.4018
280.0 102.0 0.0041 10787.6045
302.0 110.0 0.0047 10785.9177
333.0 106.0 0.0414 10675.8768
360.0 115.0 0.0052 10784.4008
378.0 111.0 0.0309 10707.3243
406.0 107.0 0.0051 10784.6988
441.0 115.0 0.0225 10732.6181
451.0 105.0 0.0053 10784.0646
485.0 102.0 0.0047 10785.8009
2.0 124.0 0.0045 10786.4970
27.0 139.0 0.0043 10786.9805
51.0 141.0 0.0047 10785.7667
96.0 134.0 0.0048 10785.5237
104.0 132.0 0.0045 10786.4557
142.0 149.0 0.0051 10784.7433
174.0 133.0 0.0324 10702.7441
198.0 139.0 0.0046 10786.1861
207.0 137.0 0.0633 10609.9736
230.0 127.0 0.0049 10785.3445
256.0 146.0 0.0211 10736.6477
277.0 129.0 0.0702 10589.4944
326.0 137.0 0.0632 10610.3186
331.0 135.0 0.0138 10758.4758
371.0 128.0 0.0196 10741.1764
392.0 149.0 0.0143 10757.0126
421.0 149.0 0.0146 10756.1276
426.0 141.0 0.0229 10731.3163
475.0 128.0 0.0052 10784.4149
482.0 140.0 0.0046 10786.1482
11.0 169.0 0.0052 10784.4041
34.0 149.0 0.0048 10785.5012
70.0 162.0 0.0237 10728.9299
84.0 171.0 0.0324 10702.7141
118.0 169.0 0.0207 10737.7727
149.0 153.0 0.0223 10733.0758
173.0 175.0 0.0110 10767.1316
194.0 164.0 0.0233 10729.9652
210.0 174.0 0.0051 10784.7033
241.0 166.0 0.0052 10784.3675
251.0 166.0 0.0309 10707.3780
287.0 166.0 0.0222 10733.2808
305.0 156.0 0.0128 10761.7218
338.0 169.0 0.0230 10730.8952
361.0 156.0 0.0543 10636.9576
388.0 168.0 0.0217 10734.9677
421.0 167.0 0.0051 10784.6336
433.0 162.0 0.0050 10784.9153
471.0 155.0 0.0049 10785.2892
493.0 166.0 0.0054 10783.8757
0.0 178.0 0.0050 10785.0770
36.0 188.0 0.0049 10785.4436
75.0 191.0 0.0051 10784.7124
74.0 192.0 0.0052 10784.5359
123.0 180.0 0.0139 10758.3434
144.0 178.0 0.0322 10703.3136
175.0 182.0 0.0932 10520.2668
191.0 191.0 0.0310 10706.8702
213.0 196.0 0.0355 10693.4987
230.0 176.0 0.0643 10607.1332
256.0 174.0 0.1043 10487.0853
281.0 176.0 0.0648 10605.6678
316.0 200.0 0.0312 10706.4941
328.0 180.0 0.0599 10620.2006
355.0 184.0 0.0519 10644.3793
376.0 187.0 0.0134 10759.7804
424.0 194.0 0.0129 10761.3789
439.0 186.0 0.0047 10785.8657
454.0 189.0 0.0046 10786.1178
481.0 196.0 0.0044 10786.6500
18.0 214.0 0.0045 10786.4782
34.0 207.0 0.0051 10784.6870
75.0 206.0 0.0228 10731.5495
92.0 203.0 0.0337 10698.9767
122.0 202.0 0.0226 10732.3215
143.0 213.0 0.0308 10707.4703
160.0 218.0 0.0782 10565.3109
198.0 218.0 0.0784 10564.8151
205.0 225.0 0.0031 10790.6364
224.0 211.0 0.1428 10371.5041
262.0 218.0 0.0219 10734.2183
274.0 216.0 0.0989 10503.3134
300.0 209.0 0.1492 10352.3931
334.0 225.0 0.0229 10731.3493
350.0 213.0 0.0151 10754.7593
390.0 200.0 0.0126 10762.1574
421.0 217.0 0.0142 10757.4640
431.0 216.0 0.0050 10784.9392
467.0 225.0 0.0051 10784.8284
474.0 225.0 0.0047 10785.8987
14.0 235.0 0.0048 10785.6641
38.0 224.0 0.0049 10785.4461
70.0 242.0 0.0044 10786.7388
83.0 234.0 0.0051 10784.5517
113.0 230.0 0.0048 10785.6709
132.0 240.0 0.0049 10785.2148
171.0 243.0 0.0479 10656.3533
175.0 239.0 0.0286 10714.3129
206.0 225.0 0.0234 10729.7970
230.0 250.0 0.1727 10282.0088
270.0 251.0 0.2068 10179.7117
275.0 228.0 0.1296 10411.0948
324.0 245.0 0.0764 10570.6743
348.0 224.0 0.0571 10628.6618
360.0 244.0 0.0047 10785.7717
381.0 249.0 0.0217 10734.8230
411.0 231.0 0.0230 10731.0776
427.0 239.0 0.0048 10785.5528
452.0 236.0 0.0038 10788.4831
491.0 232.0 0.0044 10786.6836
16.0 266.0 0.0044 10786.7794
23.0 253.0 0.0043 10787.1256
69.0 261.0 0.0043 10787.0067
97.0 272.0 0.0219 10734.2606
114.0 255.0 0.0132 10760.3629
142.0 254.0 0.0333 10700.0396
168.0 268.0 0.0722 10583.3890
191.0 249.0 0.0265 10720.4675
224.0 259.0 0.0214 10735.8682
243.0 269.0 0.0084 10774.6678
262.0 269.0 0.0146 10756.2180
295.0 264.0 0.1055 10483.5033
307.0 264.0 0.0034 10789.8322
331.0 250.0 0.0051 10784.5545
360.0 255.0 0.0247 10726.0329
399.0 265.0 0.0206 10738.1817
408.0 275.0 0.0056 10783.1731
433.0 265.0 0.0040 10788.0275
453.0 265.0 0.0051 10784.7704
474.0 265.0 0.0042 10787.5050
2.0 275.0 0.0047 10786.0481
28.0 292.0 0.0047 10785.8880
56.0 279.0 0.0050 10784.9257
88.0 289.0 0.0207 10737.9553
124.0 285.0 0.0139 10758.1731
138.0 294.0 0.0345 10696.5788
165.0 284.0 0.0127 10761.8505
177.0 298.0 0.0233 10729.9675
208.0 275.0 0.0381 10685.8030
227.0 285.0 0.1849 10245.4208
265.0 293.0 0.1228 10431.5190
295.0 291.0 0.0396 10681.3418
305.0 300.0 0.1195 10441.4153
333.0 293.0 0.0891 10532.6040
366.0 277.0 0.0279 10716.3288
380.0 274.0 0.0233 10730.0468
418.0 282.0 0.0135 10759.6210
440.0 292.0 0.0056 10783.1968
459.0 296.0 0.0046 10786.2583
482.0 289.0 0.0050 10785.0420
12.0 319.0 0.0042 10787.3899
32.0 321.0 0.0042 10787.2527
50.0 317.0 0.0045 10786.5680
83.0 314.0 0.0052 10784.4977
111.0 311.0 0.0348 10695.5171
130.0 306.0 0.0132 10760.5447
161.0 319.0 0.0233 10730.2191
186.0 307.0 0.1480 10356.0701
222.0 312.0 0.1140 10457.8724
250.0 304.0 0.0106 10768.0833
254.0 313.0 0.0034 10789.7930
295.0 310.0 0.0367 10689.9075
312.0 323.0 0.0385 10684.6372
342.0 304.0 0.0339 10698.2698
356.0 324.0 0.0057 10783.0463
392.0 307.0 0.0239 10728.3848
401.0 319.0 0.0130 10760.9276
429.0 309.0 0.0044 10786.7007
457.0 320.0 0.0057 10782.9912
498.0 301.0 0.0045 10786.5454
8.0 343.0 0.0052 10784.4935
41.0 348.0 0.0043 10787.1984
70.0 333.0 0.0219 10734.1931
97.0 337.0 0.0145 10756.4413
104.0 334.0 0.0141 10757.6245
150.0 325.0 0.0318 10704.4516
166.0 328.0 0.0040 10787.9502
189.0 344.0 0.0697 10590.7934
199.0 326.0 0.0044 10786.9485
229.0 335.0 0.0498 10650.6101
272.0 347.0 0.0049 10785.4038
278.0 335.0 0.0608 10617.5284
315.0 328.0 0.0053 10784.1834
341.0 337.0 0.0610 10617.0848
352.0 326.0 0.0308 10707.7294
378.0 342.0 0.0144 10756.6624
406.0 344.0 0.0151 10754.7608
429.0 330.0 0.0130 10760.8581
469.0 331.0 0.0046 10786.1480
477.0 335.0 0.0058 10782.6063
8.0 375.0 0.0046 10786.2945
43.0 357.0 0.0048 10785.4894
57.0 354.0 0.0050 10785.0931
77.0 362.0 0.0128 10761.6810
121.0 357.0 0.0402 10679.4775
143.0 351.0 0.0050 10785.0118
173.0 373.0 0.0728 10581.5963
196.0 349.0 0.0041 10787.7707
219.0 373.0 0.0322 10703.5286
244.0 362.0 0.0296 10711.0705
272.0 356.0 0.0140 10757.8958
280.0 369.0 0.0733 10580.1530
323.0 362.0 0.0120 10763.9487
348.0 354.0 0.0219 10734.3645
364.0 359.0 0.0138 10758.5413
383.0 356.0 0.0307 10707.8559
406.0 366.0 0.0159 10752.3057
437.0 354.0 0.0237 10728.9543
468.0 364.0 0.0051 10784.7555
496.0 374.0 0.0044 10786.9298
8.0 377.0 0.0040 10787.9695
31.0 382.0 0.0051 10784.7899
75.0 374.0 0.0057 10783.0416
96.0 381.0 0.0149 10755.1784
110.0 380.0 0.0337 10698.8040
138.0 381.0 0.0501 10649.6893
167.0 380.0 0.0143 10757.0424
177.0 396.0 0.0241 10727.6195
200.0 390.0 0.0128 10761.4760
232.0 380.0 0.0044 10786.6800
264.0 376.0 0.0052 10784.3528
294.0 394.0 0.0132 10760.4913
319.0 389.0 0.0133 10759.9519
340.0 376.0 0.0562 10631.3358
363.0 392.0 0.0132 10760.3302
379.0 380.0 0.0141 10757.7676
417.0 395.0 0.0131 10760.5680
449.0 390.0 0.0053 10784.0009
462.0 388.0 0.0046 10786.2141
488.0 379.0 0.0052 10784.3015
9.0 415.0 0.0047 10785.9258
50.0 416.0 0.0042 10787.5310
68.0 406.0 0.0286 10714.2510
100.0 401.0 0.0043 10786.9756
101.0 411.0 0.0137 10758.9160
137.0 423.0 0.0187 10744.0081
166.0 411.0 0.0042 10787.4975
188.0 418.0 0.0205 10738.6352
214.0 415.0 0.0221 10733.6850
231.0 418.0 0.0133 10760.1737
266.0 422.0 0.0049 10785.2798
293.0 403.0 0.0277 10716.8000
301.0 403.0 0.0041 10787.6133
339.0 419.0 0.0301 10709.6080
373.0 400.0 0.0043 10787.2090
377.0 415.0 0.0404 10678.7028
417.0 422.0 0.0141 10757.7100
444.0 418.0 0.0149 10755.3546
470.0 424.0 0.0055 10783.4531
496.0 411.0 0.0044 10786.9093
2.0 442.0 0.0038 10788.4532
39.0 428.0 0.0052 10784.4947
68.0 441.0 0.0045 10786.3695
78.0 443.0 0.0049 10785.4156
100.0 450.0 0.0213 10736.1006
149.0 433.0 0.0036 10789.1723
174.0 445.0 0.0050 10785.1050
200.0 442.0 0.0039 10788.1775
224.0 429.0 0.0050 10785.0931
229.0 445.0 0.0049 10785.4147
262.0 450.0 0.0054 10783.8994
289.0 448.0 0.0048 10785.7343
320.0 437.0 0.0047 10785.9476
345.0 441.0 0.0046 10786.2114
375.0 449.0 0.0047 10785.8579
395.0 440.0 0.0131 10760.6247
422.0 426.0 0.0052 10784.2754
443.0 440.0 0.0051 10784.8112
464.0 437.0 0.0056 10783.1849
485.0 425.0 0.0053 10784.0996
14.0 458.0 0.0047 10785.8542
23.0 465.0 0.0040 10787.8551
66.0 463.0 0.0052 10784.3462
99.0 458.0 0.0047 10785.7572
119.0 449.0 0.0051 10784.7981
123.0 462.0 0.0051 10784.8318
156.0 449.0 0.0044 10786.7220
177.0 472.0 0.0048 10785.7375
215.0 455.0 0.0045 10786.5225
247.0 450.0 0.0052 10784.4180
274.0 450.0 0.0049 10785.2022
301.0 455.0 0.0054 10783.6916
313.0 461.0 0.0038 10788.7316
348.0 471.0 0.0049 10785.3743
374.0 457.0 0.0050 10784.9137
391.0 461.0 0.0042 10787.4725
408.0 472.0 0.0053 10783.9607
434.0 471.0 0.0043 10787.0211
473.0 473.0 0.0046 10786.1228
497.0 448.0 0.0047 10785.7986
19.0 485.0 0.0053 10784.1308
28.0 494.0 0.0047 10785.9408
65.0 486.0 0.0048 10785.4564
96.0 495.0 0.0046 10786.2366
111.0 501.0 0.0049 10785.3235
148.0 486.0 0.0047 10785.8578
154.0 487.0 0.0040 10788.1223
185.0 483.0 0.0052 10784.4361
215.0 482.0 0.0035 10789.4851
223.0 488.0 0.0045 10786.5503
260.0 496.0 0.0050 10785.0699
275.0 489.0 0.0050 10784.9066
322.0 481.0 0.0049 10785.3561
342.0 477.0 0.0053 10784.1639
361.0 485.0 0.0038 10788.6250
383.0 480.0 0.0046 10786.2738
405.0 490.0 0.0045 10786.4461
432.0 485.0 0.0052 10784.2550
450.0 478.0 0.0054 10783.8054
497.0 488.0 0.0054 10783.8638
