9.0 13.0 0.0048 10785.5175
34.0 14.0 0.0039 10788.3186
60.0 13.0 0.0043 10787.1057
86.0 8.0 0.0050 10785.0660
111.0 10.0 0.0046 10786.1525
137.0 9.0 0.0044 10786.8977
164.0 11.0 0.0052 10784.4476
185.0 11.0 0.0043 10787.2378
215.0 9.0 0.0045 10786.5138
237.0 10.0 0.0049 10785.2109
263.0 12.0 0.0041 10787.5888
290.0 8.0 0.0047 10785.9067
309.0 8.0 0.0052 10784.3550
334.0 12.0 0.0052 10784.3421
364.0 13.0 0.0049 10785.1851
390.0 9.0 0.0047 10785.9713
415.0 13.0 0.0049 10785.3794
434.0 13.0 0.0047 10785.7520
463.0 13.0 0.0042 10787.5374
484.0 10.0 0.0049 10785.2043
15.0 39.0 0.0050 10785.1263
35.0 34.0 0.0044 10786.8539
62.0 38.0 0.0048 10785.5037
87.0 35.0 0.0057 10782.7777
112.0 39.0 0.0045 10786.5129
138.0 35.0 0.0051 10784.6008
161.0 35.0 0.0050 10785.0536
191.0 40.0 0.0048 10785.7377
215.0 34.0 0.0049 10785.1936
237.0 34.0 0.0044 10786.8950
265.0 39.0 0.0043 10787.1986
287.0 38.0 0.0048 10785.6164
310.0 34.0 0.0057 10782.7888
336.0 39.0 0.0046 10786.0915
360.0 34.0 0.0048 10785.7026
387.0 38.0 0.0050 10785.0435
409.0 38.0 0.0054 10783.7424
438.0 39.0 0.0053 10784.0846
464.0 37.0 0.0047 10786.0245
487.0 35.0 0.0043 10787.1681
15.0 65.0 0.0053 10784.0593
34.0 60.0 0.0039 10788.4025
62.0 62.0 0.0048 10785.6028
86.0 63.0 0.0142 10757.4997
113.0 59.0 0.0050 10785.1330
138.0 59.0 0.0049 10785.2265
163.0 62.0 0.0050 10784.9483
190.0 61.0 0.0043 10787.0244
213.0 60.0 0.0052 10784.4172
236.0 59.0 0.0043 10787.0472
264.0 63.0 0.0049 10785.2847
288.0 61.0 0.0046 10786.2360
314.0 65.0 0.0046 10786.2123
335.0 58.0 0.0047 10785.8735
360.0 63.0 0.0046 10786.2448
386.0 61.0 0.0048 10785.6136
412.0 63.0 0.0138 10758.5608
440.0 63.0 0.0053 10783.9705
462.0 64.0 0.0054 10783.8236
488.0 58.0 0.0042 10787.4366
11.0 87.0 0.0050 10785.0524
37.0 86.0 0.0046 10786.2205
58.0 84.0 0.0124 10762.7106
91.0 84.0 0.0320 10703.9561
115.0 88.0 0.0142 10757.3505
140.0 86.0 0.0145 10756.5526
165.0 87.0 0.0132 10760.4214
184.0 90.0 0.0155 10753.3663
213.0 87.0 0.0120 10764.1466
239.0 85.0 0.0131 10760.6356
262.0 87.0 0.0299 10710.2421
289.0 89.0 0.0230 10731.0849
314.0 85.0 0.0130 10760.9570
340.0 84.0 0.0054 10783.7824
363.0 83.0 0.0226 10732.3014
388.0 84.0 0.0144 10756.6897
412.0 88.0 0.0135 10759.5232
435.0 90.0 0.0213 10736.0662
465.0 87.0 0.0046 10786.2302
490.0 88.0 0.0045 10786.4029
8.0 114.0 0.0045 10786.6240
38.0 113.0 0.0050 10785.0360
62.0 115.0 0.0050 10784.9903
89.0 114.0 0.0325 10702.5745
113.0 114.0 0.0141 10757.5740
134.0 111.0 0.0205 10738.3783
161.0 110.0 0.0128 10761.6130
184.0 110.0 0.0312 10706.3933
212.0 113.0 0.0043 10787.0645
236.0 110.0 0.0216 10735.2549
259.0 115.0 0.0279 10716.4435
284.0 116.0 0.0146 10756.0566
314.0 114.0 0.0145 10756.4761
334.0 111.0 0.0148 10755.6967
363.0 115.0 0.0239 10728.1884
387.0 112.0 0.0284 10714.7375
412.0 108.0 0.0204 10738.6854
436.0 115.0 0.0049 10785.2270
459.0 115.0 0.0051 10784.7973
489.0 116.0 0.0048 10785.7193
11.0 140.0 0.0055 10783.6351
36.0 135.0 0.0042 10787.4652
58.0 134.0 0.0048 10785.6354
85.0 136.0 0.0215 10735.5179
115.0 135.0 0.0227 10731.8937
133.0 138.0 0.0208 10737.6642
160.0 138.0 0.0512 10646.3756
188.0 140.0 0.0053 10784.1738
212.0 134.0 0.0221 10733.7524
234.0 140.0 0.0287 10714.0354
264.0 134.0 0.0045 10786.5234
284.0 139.0 0.0229 10731.3113
315.0 134.0 0.0402 10679.3822
340.0 134.0 0.0300 10710.0822
364.0 136.0 0.0429 10671.3863
387.0 134.0 0.0149 10755.4261
412.0 137.0 0.0153 10754.0901
438.0 136.0 0.0060 10781.9811
462.0 140.0 0.0052 10784.3845
489.0 140.0 0.0054 10783.7042
9.0 161.0 0.0048 10785.4760
34.0 164.0 0.0044 10786.8456
62.0 165.0 0.0047 10786.0456
89.0 164.0 0.0046 10786.2310
111.0 162.0 0.0215 10735.3929
136.0 161.0 0.0240 10727.8575
165.0 159.0 0.0878 10536.6042
185.0 163.0 0.0639 10608.2711
209.0 162.0 0.0217 10735.0261
235.0 161.0 0.0395 10681.3711
262.0 165.0 0.1042 10487.3105
287.0 165.0 0.0227 10732.0159
309.0 164.0 0.0149 10755.2330
335.0 162.0 0.0671 10598.6668
360.0 165.0 0.0312 10706.2968
387.0 164.0 0.0127 10761.9238
410.0 163.0 0.0045 10786.6319
434.0 164.0 0.0056 10783.2192
464.0 165.0 0.0045 10786.5495
487.0 160.0 0.0046 10786.1228
11.0 184.0 0.0053 10784.2046
34.0 186.0 0.0047 10785.8540
64.0 186.0 0.0047 10785.8922
88.0 186.0 0.0243 10727.1365
109.0 190.0 0.0131 10760.6893
139.0 184.0 0.0131 10760.6736
163.0 185.0 0.0038 10788.5821
190.0 189.0 0.0744 10576.8474
211.0 185.0 0.0385 10684.4685
240.0 186.0 0.0809 10557.1828
263.0 183.0 0.0199 10740.1512
285.0 190.0 0.0357 10692.8044
315.0 188.0 0.1264 10420.7397
340.0 189.0 0.0301 10709.7805
362.0 184.0 0.0142 10757.3701
389.0 185.0 0.0320 10704.0946
415.0 190.0 0.0231 10730.8238
438.0 184.0 0.0046 10786.0907
465.0 185.0 0.0050 10784.9447
491.0 184.0 0.0049 10785.4452
15.0 213.0 0.0046 10786.0852
39.0 210.0 0.0044 10786.7068
65.0 210.0 0.0053 10784.1437
91.0 210.0 0.0136 10759.3057
115.0 212.0 0.0142 10757.3780
138.0 215.0 0.0049 10785.3554
160.0 211.0 0.0391 10682.7346
187.0 212.0 0.0204 10738.8848
209.0 212.0 0.0838 10548.7025
237.0 211.0 0.1501 10349.6467
262.0 208.0 0.0557 10633.0086
286.0 212.0 0.0812 10556.2963
311.0 215.0 0.0367 10689.8911
336.0 215.0 0.0049 10785.2347
360.0 212.0 0.0222 10733.3900
386.0 213.0 0.0133 10760.2115
411.0 211.0 0.0137 10758.9779
434.0 210.0 0.0046 10786.2597
459.0 211.0 0.0041 10787.5784
489.0 209.0 0.0042 10787.3766
14.0 238.0 0.0045 10786.5569
35.0 236.0 0.0046 10786.2558
64.0 238.0 0.0047 10785.8696
88.0 237.0 0.0129 10761.3852
113.0 236.0 0.0388 10683.5522
134.0 234.0 0.0131 10760.8228
162.0 237.0 0.1246 10426.0872
184.0 241.0 0.0039 10788.2981
215.0 236.0 0.1144 10456.6521
240.0 240.0 0.1232 10430.3152
266.0 241.0 0.0147 10755.7598
285.0 237.0 0.0505 10648.5990
312.0 235.0 0.0626 10612.2871
340.0 235.0 0.0303 10709.0209
361.0 234.0 0.0310 10707.0039
386.0 234.0 0.0116 10765.1334
413.0 233.0 0.0287 10714.0070
435.0 240.0 0.0044 10786.7549
461.0 234.0 0.0045 10786.5170
484.0 238.0 0.0039 10788.2429
10.0 264.0 0.0043 10787.1841
40.0 265.0 0.0044 10786.7300
62.0 258.0 0.0044 10786.6524
89.0 265.0 0.0285 10714.6491
109.0 261.0 0.0047 10786.0050
137.0 264.0 0.0403 10679.1503
160.0 259.0 0.0311 10706.7545
188.0 264.0 0.0942 10517.3923
209.0 261.0 0.0160 10751.9977
234.0 265.0 0.1412 10376.3247
262.0 262.0 0.1193 10442.0681
284.0 262.0 0.1220 10433.8548
314.0 262.0 0.0352 10694.4451
339.0 259.0 0.1255 10423.3800
364.0 263.0 0.0049 10785.4067
384.0 266.0 0.0286 10714.0851
414.0 260.0 0.0045 10786.4837
438.0 259.0 0.0044 10786.7360
462.0 259.0 0.0044 10786.6849
489.0 260.0 0.0045 10786.4701
12.0 288.0 0.0042 10787.3045
40.0 287.0 0.0051 10784.8224
63.0 287.0 0.0041 10787.5864
89.0 285.0 0.0132 10760.3462
110.0 290.0 0.0215 10735.3933
141.0 290.0 0.0122 10763.4552
162.0 286.0 0.0219 10734.1825
185.0 288.0 0.0293 10711.9594
214.0 289.0 0.0250 10725.0015
235.0 287.0 0.0615 10615.6325
259.0 286.0 0.0677 10596.9430
288.0 284.0 0.0863 10541.2128
314.0 284.0 0.0286 10714.0684
336.0 285.0 0.0048 10785.6055
359.0 284.0 0.0210 10737.0786
389.0 287.0 0.0222 10733.3400
409.0 290.0 0.0206 10738.0686
441.0 287.0 0.0051 10784.6532
463.0 283.0 0.0045 10786.4868
489.0 288.0 0.0046 10786.3152
11.0 312.0 0.0043 10787.2420
36.0 314.0 0.0041 10787.5776
58.0 314.0 0.0049 10785.4409
88.0 313.0 0.0242 10727.4804
114.0 309.0 0.0046 10786.2989
135.0 315.0 0.0228 10731.5575
158.0 309.0 0.0226 10732.2643
187.0 311.0 0.0318 10704.4524
215.0 311.0 0.0611 10616.8086
239.0 314.0 0.0496 10651.2760
265.0 311.0 0.0796 10561.1970
289.0 313.0 0.1034 10489.6572
309.0 313.0 0.0502 10649.4016
336.0 309.0 0.0520 10643.8666
363.0 309.0 0.0216 10735.1350
384.0 310.0 0.0048 10785.5993
413.0 310.0 0.0245 10726.5573
434.0 314.0 0.0041 10787.8296
463.0 310.0 0.0047 10786.0457
484.0 315.0 0.0043 10787.1300
13.0 334.0 0.0043 10787.0306
36.0 335.0 0.0047 10785.7989
60.0 334.0 0.0049 10785.3227
90.0 339.0 0.0156 10753.2842
115.0 338.0 0.0143 10757.0368
134.0 338.0 0.0415 10675.4560
164.0 340.0 0.0502 10649.3110
188.0 336.0 0.0780 10566.0800
208.0 338.0 0.0559 10632.3254
238.0 339.0 0.0980 10505.9509
261.0 340.0 0.0297 10710.8633
286.0 337.0 0.0212 10736.4092
314.0 337.0 0.0567 10630.0307
337.0 334.0 0.0255 10723.4027
361.0 335.0 0.0139 10758.3393
388.0 335.0 0.0246 10726.1259
413.0 341.0 0.0238 10728.7014
439.0 338.0 0.0127 10761.8421
460.0 338.0 0.0051 10784.7790
486.0 338.0 0.0048 10785.5086
10.0 361.0 0.0051 10784.6459
35.0 363.0 0.0050 10785.1371
59.0 359.0 0.0050 10784.9765
86.0 360.0 0.0136 10759.3218
108.0 360.0 0.0140 10757.9390
135.0 361.0 0.0050 10784.8532
160.0 365.0 0.0129 10761.3251
189.0 360.0 0.0229 10731.4478
214.0 359.0 0.0136 10759.1646
236.0 365.0 0.0043 10787.1942
260.0 360.0 0.0373 10688.1932
286.0 363.0 0.0133 10759.9671
315.0 363.0 0.0393 10682.1116
335.0 360.0 0.0142 10757.4105
363.0 360.0 0.0694 10591.7096
386.0 359.0 0.0245 10726.6408
411.0 361.0 0.0048 10785.6576
439.0 360.0 0.0044 10786.8859
461.0 364.0 0.0049 10785.2109
486.0 361.0 0.0050 10784.9278
13.0 387.0 0.0041 10787.6593
35.0 385.0 0.0053 10783.9802
65.0 391.0 0.0053 10784.0612
89.0 389.0 0.0323 10703.2239
114.0 387.0 0.0152 10754.5448
139.0 388.0 0.0508 10647.5086
161.0 386.0 0.0215 10735.5684
184.0 385.0 0.0147 10756.0410
211.0 388.0 0.0299 10710.4024
235.0 387.0 0.0485 10654.6322
259.0 390.0 0.0049 10785.1595
287.0 385.0 0.0205 10738.6477
316.0 390.0 0.0306 10708.1817
338.0 390.0 0.0135 10759.5895
362.0 390.0 0.0138 10758.6544
389.0 384.0 0.0234 10729.8253
413.0 387.0 0.0046 10786.2969
437.0 389.0 0.0049 10785.3332
461.0 383.0 0.0047 10785.8005
488.0 386.0 0.0050 10784.9718
11.0 410.0 0.0043 10786.9537
36.0 414.0 0.0057 10782.9531
61.0 415.0 0.0142 10757.4387
84.0 409.0 0.0236 10729.2199
109.0 410.0 0.0055 10783.3598
136.0 409.0 0.0054 10783.6657
159.0 414.0 0.0233 10730.1297
187.0 411.0 0.0137 10758.7775
214.0 412.0 0.0045 10786.4778
233.0 411.0 0.0193 10742.0527
259.0 408.0 0.0290 10712.8934
290.0 415.0 0.0218 10734.5059
315.0 414.0 0.0132 10760.4745
339.0 410.0 0.0041 10787.6877
363.0 412.0 0.0157 10752.7751
385.0 409.0 0.0051 10784.6667
415.0 408.0 0.0277 10716.8824
438.0 409.0 0.0057 10782.9346
464.0 411.0 0.0055 10783.3987
488.0 413.0 0.0050 10785.0744
15.0 440.0 0.0049 10785.3867
39.0 437.0 0.0041 10787.6862
64.0 436.0 0.0057 10782.8751
86.0 441.0 0.0041 10787.5557
111.0 435.0 0.0048 10785.5340
135.0 434.0 0.0145 10756.3675
161.0 441.0 0.0137 10759.0189
184.0 438.0 0.0047 10785.8193
214.0 437.0 0.0053 10784.1716
233.0 438.0 0.0047 10785.7771
261.0 433.0 0.0041 10787.6453
287.0 437.0 0.0049 10785.3109
314.0 433.0 0.0045 10786.6236
340.0 436.0 0.0126 10762.2247
364.0 434.0 0.0140 10757.9304
389.0 434.0 0.0138 10758.5112
414.0 434.0 0.0054 10783.7150
434.0 434.0 0.0150 10754.8618
460.0 438.0 0.0055 10783.4350
491.0 438.0 0.0050 10784.9613
15.0 466.0 0.0059 10782.2300
34.0 462.0 0.0040 10788.0828
65.0 462.0 0.0055 10783.4160
88.0 460.0 0.0049 10785.2666
116.0 460.0 0.0140 10758.1476
137.0 459.0 0.0052 10784.3213
163.0 459.0 0.0049 10785.1860
187.0 463.0 0.0052 10784.3009
215.0 461.0 0.0042 10787.5144
237.0 464.0 0.0044 10786.7055
259.0 461.0 0.0047 10785.8976
286.0 461.0 0.0056 10783.0680
311.0 460.0 0.0043 10787.1861
335.0 460.0 0.0051 10784.6667
363.0 460.0 0.0048 10785.6629
385.0 461.0 0.0049 10785.4470
414.0 460.0 0.0054 10783.9173
434.0 459.0 0.0048 10785.5790
461.0 465.0 0.0039 10788.1839
485.0 458.0 0.0049 10785.4176
13.0 487.0 0.0051 10784.6148
34.0 489.0 0.0049 10785.4246
63.0 488.0 0.0055 10783.4943
87.0 488.0 0.0049 10785.2854
113.0 484.0 0.0050 10785.0040
139.0 489.0 0.0046 10786.1085
159.0 487.0 0.0042 10787.4227
190.0 488.0 0.0053 10784.1508
209.0 488.0 0.0042 10787.2525
235.0 490.0 0.0053 10784.1084
259.0 488.0 0.0048 10785.7272
288.0 487.0 0.0048 10785.6949
315.0 488.0 0.0045 10786.5485
336.0 486.0 0.0049 10785.2657
362.0 487.0 0.0048 10785.5061
390.0 488.0 0.0049 10785.1816
412.0 490.0 0.0054 10783.9272
438.0 484.0 0.0053 10784.1289
460.0 486.0 0.0052 10784.3864
488.0 489.0 0.0046 10786.1268
