8.0 16.0 0.0051 10784.5993
34.0 7.0 0.0047 10785.9153
63.0 14.0 0.0048 10785.5211
88.0 10.0 0.0054 10783.8660
113.0 16.0 0.0050 10785.0166
137.0 14.0 0.0047 10785.7930
164.0 11.0 0.0055 10783.4430
186.0 10.0 0.0040 10787.9068
215.0 13.0 0.0045 10786.4033
242.0 13.0 0.0048 10785.7306
261.0 11.0 0.0047 10785.8333
286.0 9.0 0.0048 10785.6582
309.0 14.0 0.0045 10786.5995
338.0 7.0 0.0047 10785.8761
362.0 10.0 0.0047 10785.9314
383.0 15.0 0.0053 10784.1935
416.0 13.0 0.0043 10787.0115
440.0 9.0 0.0044 10786.7681
467.0 10.0 0.0038 10788.5886
485.0 12.0 0.0047 10785.7686
13.0 40.0 0.0050 10785.0912
36.0 41.0 0.0051 10784.7972
57.0 37.0 0.0051 10784.5776
90.0 38.0 0.0054 10783.9387
110.0 40.0 0.0045 10786.5584
134.0 37.0 0.0054 10783.8975
166.0 32.0 0.0060 10781.9271
188.0 38.0 0.0053 10784.2427
213.0 41.0 0.0055 10783.6412
238.0 36.0 0.0041 10787.5827
264.0 38.0 0.0042 10787.4011
286.0 35.0 0.0048 10785.5587
312.0 41.0 0.0061 10781.8329
336.0 41.0 0.0055 10783.6130
361.0 38.0 0.0044 10786.8373
389.0 34.0 0.0050 10785.1124
410.0 36.0 0.0051 10784.6258
440.0 34.0 0.0048 10785.5233
465.0 37.0 0.0037 10788.9042
489.0 41.0 0.0054 10783.8668
10.0 62.0 0.0053 10784.2111
32.0 65.0 0.0039 10788.3601
63.0 67.0 0.0049 10785.3935
89.0 58.0 0.0052 10784.2840
113.0 60.0 0.0049 10785.1777
139.0 66.0 0.0055 10783.4979
166.0 62.0 0.0052 10784.4438
183.0 64.0 0.0046 10786.3188
211.0 60.0 0.0052 10784.3067
242.0 62.0 0.0044 10786.8680
259.0 58.0 0.0049 10785.1790
286.0 59.0 0.0050 10784.8621
315.0 58.0 0.0049 10785.2330
340.0 65.0 0.0046 10786.3172
365.0 63.0 0.0045 10786.5822
383.0 58.0 0.0047 10785.9130
414.0 64.0 0.0209 10737.3198
436.0 57.0 0.0048 10785.4858
460.0 66.0 0.0048 10785.4654
485.0 61.0 0.0040 10787.9305
9.0 86.0 0.0048 10785.6256
42.0 84.0 0.0053 10784.0331
62.0 87.0 0.0224 10732.6662
87.0 84.0 0.0042 10787.2713
108.0 87.0 0.0205 10738.6427
133.0 87.0 0.0138 10758.5449
166.0 85.0 0.0141 10757.7194
185.0 88.0 0.0125 10762.4352
211.0 83.0 0.0231 10730.7692
234.0 91.0 0.0287 10713.7820
260.0 90.0 0.0127 10761.7961
287.0 83.0 0.0150 10755.0024
315.0 87.0 0.0120 10764.1313
340.0 91.0 0.0229 10731.1765
361.0 91.0 0.0144 10756.7830
382.0 84.0 0.0141 10757.8479
409.0 82.0 0.0416 10675.2779
441.0 88.0 0.0041 10787.6515
459.0 82.0 0.0041 10787.5991
488.0 90.0 0.0049 10785.3267
11.0 114.0 0.0049 10785.3805
37.0 109.0 0.0050 10784.9060
67.0 110.0 0.0133 10760.0215
91.0 115.0 0.0312 10706.4255
114.0 108.0 0.0055 10783.4199
137.0 110.0 0.0151 10754.7372
160.0 110.0 0.0213 10736.1416
183.0 112.0 0.0215 10735.4612
214.0 108.0 0.0140 10757.9092
239.0 111.0 0.0122 10763.4330
260.0 113.0 0.0470 10658.9009
284.0 113.0 0.0141 10757.6872
312.0 116.0 0.0051 10784.5537
333.0 108.0 0.0135 10759.4798
363.0 110.0 0.0240 10727.9962
390.0 110.0 0.0241 10727.6533
410.0 112.0 0.0143 10757.0984
436.0 112.0 0.0048 10785.5881
463.0 108.0 0.0048 10785.5861
487.0 108.0 0.0046 10786.3322
7.0 132.0 0.0048 10785.5235
34.0 139.0 0.0048 10785.5410
64.0 132.0 0.0148 10755.7056
89.0 139.0 0.0050 10785.0001
112.0 140.0 0.0218 10734.4695
136.0 140.0 0.0145 10756.5513
158.0 140.0 0.0279 10716.2834
185.0 142.0 0.0151 10754.8165
208.0 140.0 0.0219 10734.3123
240.0 138.0 0.0138 10758.6958
264.0 141.0 0.0304 10708.8106
287.0 138.0 0.0128 10761.4561
312.0 136.0 0.0321 10703.6394
342.0 142.0 0.0513 10646.0017
358.0 139.0 0.0225 10732.4099
387.0 142.0 0.0505 10648.4659
416.0 137.0 0.0223 10733.0216
438.0 139.0 0.0054 10783.7582
461.0 139.0 0.0054 10783.8233
485.0 133.0 0.0048 10785.6152
10.0 165.0 0.0045 10786.5299
40.0 160.0 0.0041 10787.7489
66.0 165.0 0.0052 10784.5488
86.0 157.0 0.0238 10728.5110
109.0 160.0 0.0378 10686.5109
132.0 164.0 0.0222 10733.5448
160.0 167.0 0.0595 10621.4009
185.0 163.0 0.0147 10755.9463
209.0 162.0 0.0564 10630.7395
238.0 165.0 0.0854 10543.9151
264.0 164.0 0.0249 10725.4482
289.0 157.0 0.0738 10578.7418
310.0 162.0 0.0228 10731.7232
341.0 165.0 0.0462 10661.4978
361.0 162.0 0.0039 10788.2064
385.0 163.0 0.0053 10784.0870
410.0 166.0 0.0144 10756.6772
438.0 157.0 0.0047 10785.8842
464.0 161.0 0.0051 10784.6378
486.0 164.0 0.0051 10784.7794
13.0 186.0 0.0057 10783.0377
37.0 188.0 0.0046 10786.1627
66.0 186.0 0.0048 10785.7095
84.0 188.0 0.0128 10761.6561
110.0 185.0 0.0207 10737.9900
137.0 183.0 0.0228 10731.5888
163.0 188.0 0.0131 10760.6313
183.0 188.0 0.1059 10482.1520
213.0 185.0 0.1024 10492.8873
237.0 185.0 0.0986 10504.2778
259.0 183.0 0.0117 10764.9696
291.0 192.0 0.0903 10529.1269
310.0 188.0 0.0747 10575.9087
338.0 183.0 0.0299 10710.3993
367.0 185.0 0.0250 10724.9403
390.0 191.0 0.0139 10758.1904
411.0 187.0 0.0044 10786.6688
433.0 183.0 0.0049 10785.3910
462.0 183.0 0.0045 10786.5285
488.0 185.0 0.0044 10786.8552
13.0 214.0 0.0046 10786.2026
33.0 212.0 0.0048 10785.4993
58.0 211.0 0.0045 10786.3989
85.0 215.0 0.0054 10783.8420
116.0 215.0 0.0124 10762.6857
140.0 210.0 0.0130 10760.8806
158.0 211.0 0.0465 10660.4083
185.0 210.0 0.0285 10714.4223
214.0 213.0 0.0251 10724.8336
233.0 216.0 0.1225 10432.4121
266.0 215.0 0.0153 10754.0765
285.0 216.0 0.0950 10514.8963
310.0 211.0 0.0288 10713.6071
334.0 207.0 0.0215 10735.5623
361.0 212.0 0.0048 10785.6194
390.0 207.0 0.0234 10729.8941
415.0 210.0 0.0221 10733.7910
437.0 215.0 0.0045 10786.4815
465.0 213.0 0.0043 10787.1300
487.0 213.0 0.0042 10787.5267
15.0 238.0 0.0040 10788.1067
36.0 241.0 0.0047 10785.9818
59.0 239.0 0.0050 10785.0311
86.0 236.0 0.0471 10658.6779
115.0 233.0 0.0294 10711.7963
135.0 237.0 0.0218 10734.6088
159.0 238.0 0.0043 10787.0068
190.0 240.0 0.0704 10588.8976
209.0 239.0 0.0167 10749.9191
232.0 239.0 0.1066 10480.1943
262.0 232.0 0.0960 10511.9352
285.0 240.0 0.0944 10516.7934
312.0 241.0 0.0778 10566.7062
338.0 237.0 0.0409 10677.3799
364.0 235.0 0.0305 10708.6427
390.0 238.0 0.0121 10763.7561
411.0 234.0 0.0294 10711.6641
442.0 237.0 0.0047 10786.0291
462.0 232.0 0.0046 10786.2689
484.0 238.0 0.0040 10787.9170
14.0 266.0 0.0042 10787.3642
39.0 258.0 0.0045 10786.4556
64.0 266.0 0.0043 10787.2496
83.0 260.0 0.0043 10786.9558
107.0 267.0 0.0224 10732.8246
136.0 266.0 0.0299 10710.1647
162.0 258.0 0.1054 10483.8493
182.0 262.0 0.0274 10717.8690
212.0 267.0 0.0974 10507.8079
234.0 262.0 0.1750 10275.1160
264.0 264.0 0.1394 10381.8612
286.0 258.0 0.0429 10671.4494
314.0 259.0 0.0711 10586.6719
333.0 258.0 0.0743 10577.0579
365.0 264.0 0.0051 10784.6707
384.0 265.0 0.0368 10689.5216
412.0 263.0 0.0133 10760.1504
436.0 258.0 0.0045 10786.3755
459.0 261.0 0.0042 10787.2734
484.0 261.0 0.0043 10786.9958
11.0 284.0 0.0049 10785.4043
35.0 288.0 0.0041 10787.7600
59.0 291.0 0.0043 10786.9671
88.0 289.0 0.0207 10737.9537
112.0 292.0 0.0126 10762.2016
137.0 282.0 0.0218 10734.6848
161.0 292.0 0.0314 10705.8157
184.0 287.0 0.0973 10508.0857
215.0 288.0 0.0441 10667.7088
234.0 287.0 0.0624 10612.8055
259.0 288.0 0.1229 10431.1871
284.0 286.0 0.0029 10791.2364
314.0 284.0 0.0290 10712.9343
338.0 290.0 0.0655 10603.5906
358.0 286.0 0.0311 10706.5876
390.0 288.0 0.0135 10759.3822
411.0 283.0 0.0130 10761.1141
435.0 282.0 0.0048 10785.6839
465.0 283.0 0.0046 10786.0708
492.0 287.0 0.0048 10785.6288
12.0 308.0 0.0040 10787.9720
34.0 308.0 0.0045 10786.5008
60.0 315.0 0.0047 10785.9630
84.0 309.0 0.0137 10758.8106
116.0 317.0 0.0045 10786.4304
138.0 314.0 0.0047 10785.8435
159.0 314.0 0.0296 10711.2329
182.0 313.0 0.0620 10613.9505
211.0 317.0 0.0461 10661.7765
234.0 307.0 0.0708 10587.4730
258.0 311.0 0.0180 10745.9131
291.0 309.0 0.0280 10715.8695
309.0 316.0 0.1447 10365.9543
338.0 311.0 0.0141 10757.8360
359.0 310.0 0.0156 10753.3234
391.0 308.0 0.0045 10786.4241
412.0 310.0 0.0134 10759.9005
433.0 308.0 0.0039 10788.2689
459.0 307.0 0.0052 10784.2907
492.0 311.0 0.0047 10785.8773
14.0 336.0 0.0050 10785.1332
38.0 338.0 0.0048 10785.6955
67.0 336.0 0.0058 10782.7099
91.0 333.0 0.0048 10785.5469
107.0 340.0 0.0220 10733.9081
139.0 336.0 0.0502 10649.5223
159.0 339.0 0.0246 10726.1021
192.0 338.0 0.0236 10729.2528
210.0 335.0 0.0341 10697.5678
238.0 335.0 0.0930 10521.0125
263.0 341.0 0.0375 10687.5809
290.0 340.0 0.0218 10734.7444
315.0 340.0 0.0321 10703.5577
334.0 335.0 0.0349 10695.3647
362.0 333.0 0.0577 10626.9580
390.0 332.0 0.0158 10752.5024
408.0 332.0 0.0135 10759.5400
439.0 340.0 0.0050 10785.1416
464.0 337.0 0.0052 10784.2684
491.0 337.0 0.0052 10784.3911
12.0 358.0 0.0054 10783.7402
35.0 365.0 0.0045 10786.6401
61.0 366.0 0.0047 10785.8589
83.0 359.0 0.0136 10759.2475
109.0 366.0 0.0146 10756.2244
140.0 365.0 0.0449 10665.2492
165.0 366.0 0.0475 10657.4784
190.0 358.0 0.0403 10679.0673
215.0 365.0 0.0052 10784.4544
237.0 365.0 0.0298 10710.5815
266.0 364.0 0.0385 10684.5877
285.0 365.0 0.0128 10761.7342
313.0 357.0 0.0138 10758.7043
339.0 363.0 0.0119 10764.4052
366.0 362.0 0.0711 10586.8358
388.0 362.0 0.0235 10729.5639
411.0 365.0 0.0228 10731.5961
436.0 362.0 0.0042 10787.3250
462.0 365.0 0.0050 10785.0745
486.0 366.0 0.0047 10785.9974
9.0 389.0 0.0042 10787.3044
41.0 386.0 0.0046 10786.1877
60.0 389.0 0.0148 10755.5424
84.0 391.0 0.0280 10716.1130
116.0 391.0 0.0052 10784.4080
138.0 391.0 0.0341 10697.7679
167.0 391.0 0.0234 10729.9100
184.0 384.0 0.0119 10764.3760
213.0 388.0 0.0132 10760.4674
235.0 385.0 0.0388 10683.4658
262.0 390.0 0.0142 10757.3844
291.0 388.0 0.0133 10760.1417
309.0 389.0 0.0048 10785.4622
336.0 392.0 0.0217 10734.7700
364.0 385.0 0.0234 10729.7849
385.0 383.0 0.0048 10785.4754
411.0 391.0 0.0198 10740.6668
436.0 391.0 0.0046 10786.0797
466.0 387.0 0.0044 10786.8391
490.0 388.0 0.0047 10786.0172
11.0 414.0 0.0041 10787.7087
37.0 414.0 0.0052 10784.2651
66.0 408.0 0.0055 10783.6324
90.0 414.0 0.0141 10757.6806
110.0 410.0 0.0146 10756.0862
134.0 415.0 0.0217 10734.7863
164.0 409.0 0.0052 10784.2852
184.0 413.0 0.0141 10757.6707
211.0 413.0 0.0128 10761.6193
237.0 409.0 0.0370 10689.0523
261.0 410.0 0.0213 10736.0825
284.0 416.0 0.0127 10761.8085
312.0 416.0 0.0144 10756.6630
337.0 414.0 0.0145 10756.5238
365.0 408.0 0.0223 10732.9766
389.0 414.0 0.0137 10759.0356
412.0 417.0 0.0206 10738.3313
435.0 412.0 0.0139 10758.1760
458.0 415.0 0.0056 10783.1002
490.0 416.0 0.0044 10786.7575
9.0 436.0 0.0046 10786.2874
32.0 434.0 0.0049 10785.3550
66.0 441.0 0.0148 10755.5641
85.0 433.0 0.0049 10785.1754
114.0 439.0 0.0052 10784.5062
133.0 440.0 0.0133 10760.2000
158.0 439.0 0.0051 10784.6463
185.0 437.0 0.0147 10755.8978
212.0 437.0 0.0043 10787.2454
237.0 439.0 0.0046 10786.1949
259.0 433.0 0.0039 10788.2672
287.0 439.0 0.0046 10786.0568
308.0 438.0 0.0051 10784.6755
338.0 434.0 0.0049 10785.2177
360.0 433.0 0.0054 10783.7345
387.0 436.0 0.0049 10785.2447
411.0 437.0 0.0147 10755.9986
433.0 433.0 0.0048 10785.5703
466.0 434.0 0.0054 10783.8732
492.0 435.0 0.0050 10784.8995
11.0 461.0 0.0056 10783.2368
36.0 465.0 0.0050 10785.1238
64.0 466.0 0.0052 10784.4988
91.0 467.0 0.0051 10784.7976
109.0 458.0 0.0055 10783.5985
135.0 465.0 0.0047 10785.7860
161.0 462.0 0.0046 10786.0644
184.0 464.0 0.0045 10786.4778
214.0 461.0 0.0043 10787.1229
241.0 462.0 0.0044 10786.6666
262.0 464.0 0.0051 10784.7263
286.0 458.0 0.0055 10783.4522
310.0 459.0 0.0046 10786.1976
336.0 462.0 0.0049 10785.4488
361.0 467.0 0.0044 10786.6800
388.0 458.0 0.0048 10785.6727
414.0 459.0 0.0056 10783.0673
439.0 458.0 0.0050 10784.8720
460.0 461.0 0.0047 10785.9769
491.0 463.0 0.0042 10787.3733
10.0 483.0 0.0041 10787.8032
41.0 488.0 0.0051 10784.8433
59.0 487.0 0.0052 10784.5243
84.0 482.0 0.0046 10786.0928
116.0 489.0 0.0052 10784.4437
137.0 489.0 0.0056 10783.2561
161.0 486.0 0.0047 10785.8907
191.0 485.0 0.0054 10783.8646
210.0 485.0 0.0042 10787.2525
238.0 484.0 0.0046 10786.2712
263.0 483.0 0.0047 10786.0377
289.0 491.0 0.0049 10785.3835
309.0 483.0 0.0052 10784.4867
340.0 482.0 0.0050 10784.8597
367.0 484.0 0.0049 10785.3778
383.0 490.0 0.0056 10783.1312
413.0 483.0 0.0052 10784.3505
435.0 490.0 0.0052 10784.3361
459.0 491.0 0.0052 10784.5243
483.0 491.0 0.0057 10782.8448
