15.0 12.0 0.0046 10786.1193
31.0 10.0 0.0048 10785.4749
66.0 18.0 0.0049 10785.3641
93.0 10.0 0.0054 10783.9390
109.0 13.0 0.0048 10785.4767
132.0 14.0 0.0041 10787.6264
163.0 6.0 0.0055 10783.4697
188.0 17.0 0.0048 10785.7124
206.0 13.0 0.0047 10786.0149
236.0 13.0 0.0047 10785.8355
265.0 6.0 0.0046 10786.2316
283.0 11.0 0.0045 10786.3989
306.0 18.0 0.0054 10783.9103
341.0 17.0 0.0048 10785.5966
358.0 16.0 0.0047 10785.8567
390.0 7.0 0.0049 10785.3353
417.0 12.0 0.0046 10786.2540
433.0 13.0 0.0053 10784.2003
466.0 15.0 0.0045 10786.3507
481.0 13.0 0.0045 10786.4581
13.0 36.0 0.0040 10788.0826
38.0 35.0 0.0051 10784.6217
62.0 34.0 0.0050 10785.1320
89.0 36.0 0.0051 10784.5906
107.0 39.0 0.0038 10788.6635
143.0 37.0 0.0052 10784.3741
157.0 38.0 0.0058 10782.7397
191.0 42.0 0.0052 10784.2624
207.0 34.0 0.0055 10783.5515
243.0 32.0 0.0046 10786.2564
262.0 42.0 0.0041 10787.5668
286.0 32.0 0.0051 10784.7519
318.0 33.0 0.0056 10783.3093
332.0 39.0 0.0050 10784.9798
365.0 43.0 0.0050 10785.1359
391.0 42.0 0.0057 10782.7650
413.0 36.0 0.0040 10787.9951
436.0 43.0 0.0049 10785.3143
466.0 36.0 0.0048 10785.7072
487.0 43.0 0.0050 10785.0153
9.0 64.0 0.0053 10784.1317
40.0 58.0 0.0045 10786.5910
57.0 64.0 0.0048 10785.7297
85.0 57.0 0.0135 10759.4599
116.0 56.0 0.0044 10786.8041
138.0 66.0 0.0228 10731.6381
163.0 65.0 0.0137 10758.8346
192.0 57.0 0.0044 10786.7208
217.0 62.0 0.0049 10785.2384
234.0 61.0 0.0046 10786.2912
259.0 66.0 0.0043 10787.0500
292.0 65.0 0.0046 10786.2955
315.0 58.0 0.0049 10785.3287
331.0 62.0 0.0050 10784.9217
361.0 58.0 0.0050 10784.9240
387.0 61.0 0.0048 10785.5488
413.0 57.0 0.0051 10784.8016
439.0 60.0 0.0048 10785.6152
461.0 60.0 0.0048 10785.4691
482.0 65.0 0.0041 10787.6551
9.0 91.0 0.0048 10785.6542
33.0 82.0 0.0041 10787.7164
60.0 92.0 0.0229 10731.2777
91.0 82.0 0.0048 10785.6852
106.0 86.0 0.0053 10784.0846
137.0 93.0 0.0142 10757.4010
164.0 86.0 0.0383 10685.2125
185.0 89.0 0.0154 10753.7716
209.0 87.0 0.0043 10787.1797
242.0 87.0 0.0196 10741.1017
257.0 88.0 0.0387 10683.7633
288.0 83.0 0.0136 10759.1631
311.0 86.0 0.0133 10759.9824
333.0 87.0 0.0048 10785.4814
362.0 84.0 0.0306 10708.1885
382.0 87.0 0.0225 10732.5751
410.0 83.0 0.0197 10740.9500
438.0 86.0 0.0130 10761.0791
463.0 83.0 0.0042 10787.3874
492.0 81.0 0.0047 10786.0134
14.0 114.0 0.0048 10785.4531
32.0 113.0 0.0050 10785.0360
67.0 112.0 0.0051 10784.7807
87.0 106.0 0.0243 10727.1607
118.0 117.0 0.0049 10785.2296
132.0 107.0 0.0219 10734.3907
166.0 117.0 0.0221 10733.8229
190.0 112.0 0.0127 10761.8977
212.0 107.0 0.0152 10754.2957
237.0 115.0 0.0136 10759.3386
267.0 116.0 0.0306 10708.2651
293.0 113.0 0.0223 10733.1735
317.0 112.0 0.0237 10728.9605
332.0 109.0 0.0146 10756.1501
357.0 109.0 0.0043 10787.1418
393.0 107.0 0.0145 10756.3938
414.0 108.0 0.0305 10708.4555
442.0 109.0 0.0049 10785.3295
457.0 113.0 0.0046 10786.1986
487.0 107.0 0.0050 10785.0222
6.0 135.0 0.0050 10785.0513
34.0 134.0 0.0044 10786.6615
61.0 135.0 0.0050 10784.8669
85.0 133.0 0.0291 10712.5571
115.0 142.0 0.0136 10759.0529
140.0 137.0 0.0048 10785.5140
163.0 141.0 0.0043 10787.0935
190.0 131.0 0.0392 10682.2758
213.0 132.0 0.0315 10705.3971
238.0 138.0 0.0132 10760.3541
268.0 139.0 0.0299 10710.2196
291.0 134.0 0.0042 10787.4155
308.0 142.0 0.0573 10628.0161
334.0 143.0 0.0471 10658.7019
363.0 137.0 0.0371 10688.5658
381.0 133.0 0.0140 10758.0352
409.0 136.0 0.0328 10701.6826
441.0 133.0 0.0056 10783.2893
460.0 139.0 0.0043 10787.0769
482.0 139.0 0.0045 10786.5595
17.0 164.0 0.0051 10784.5727
37.0 158.0 0.0046 10786.0669
61.0 163.0 0.0044 10786.8329
88.0 158.0 0.0214 10735.6987
113.0 163.0 0.0397 10680.7584
143.0 167.0 0.0131 10760.7741
162.0 162.0 0.0380 10685.9112
185.0 167.0 0.0994 10501.6735
211.0 165.0 0.0043 10787.1654
233.0 161.0 0.1041 10487.5533
267.0 161.0 0.0379 10686.2637
285.0 166.0 0.0044 10786.7477
312.0 162.0 0.0152 10754.3475
338.0 160.0 0.0325 10702.6461
359.0 161.0 0.0154 10753.8930
390.0 157.0 0.0407 10677.8744
412.0 167.0 0.0048 10785.6397
439.0 167.0 0.0055 10783.6478
465.0 165.0 0.0051 10784.6463
486.0 159.0 0.0053 10784.1196
10.0 181.0 0.0053 10784.1026
43.0 189.0 0.0049 10785.3373
59.0 189.0 0.0048 10785.5905
92.0 187.0 0.0044 10786.6534
116.0 185.0 0.0225 10732.5360
134.0 181.0 0.0526 10642.2041
161.0 192.0 0.0303 10709.1994
190.0 189.0 0.0218 10734.7015
217.0 182.0 0.0458 10662.6321
232.0 193.0 0.0633 10609.9771
263.0 182.0 0.0526 10642.1253
285.0 183.0 0.0208 10737.7096
308.0 187.0 0.0938 10518.7417
331.0 181.0 0.0140 10758.0566
358.0 188.0 0.0232 10730.3264
381.0 188.0 0.0143 10757.1052
418.0 182.0 0.0126 10762.3400
432.0 183.0 0.0048 10785.7461
467.0 184.0 0.0053 10784.1334
485.0 189.0 0.0047 10785.9636
11.0 218.0 0.0051 10784.7135
38.0 209.0 0.0047 10785.8998
66.0 208.0 0.0047 10785.9348
87.0 216.0 0.0214 10735.6636
108.0 216.0 0.0050 10784.8767
142.0 213.0 0.0144 10756.7210
158.0 215.0 0.0047 10785.8880
186.0 210.0 0.0525 10642.5895
210.0 207.0 0.0632 10610.2603
237.0 212.0 0.0701 10589.8116
262.0 208.0 0.0830 10551.1063
283.0 209.0 0.0592 10622.5364
306.0 209.0 0.0040 10788.0233
343.0 207.0 0.0479 10656.3368
363.0 209.0 0.0504 10648.7252
384.0 212.0 0.0135 10759.6020
414.0 209.0 0.0142 10757.4854
439.0 207.0 0.0048 10785.6347
463.0 210.0 0.0042 10787.2913
489.0 208.0 0.0041 10787.8192
13.0 235.0 0.0045 10786.5012
36.0 233.0 0.0047 10786.0165
64.0 238.0 0.0048 10785.7360
93.0 234.0 0.0193 10742.1668
115.0 239.0 0.0370 10689.1088
142.0 243.0 0.0382 10685.4138
157.0 236.0 0.1112 10466.4525
187.0 232.0 0.0269 10719.3306
206.0 232.0 0.0790 10562.9431
233.0 235.0 0.2307 10107.9265
267.0 239.0 0.1760 10272.1103
284.0 233.0 0.0636 10609.1487
310.0 239.0 0.0765 10570.4684
332.0 239.0 0.0825 10552.6340
363.0 232.0 0.0234 10729.6697
388.0 232.0 0.0121 10763.6666
416.0 233.0 0.0217 10734.9449
439.0 233.0 0.0051 10784.5776
466.0 234.0 0.0046 10786.1256
488.0 238.0 0.0042 10787.4323
8.0 265.0 0.0040 10788.0562
38.0 259.0 0.0045 10786.5411
64.0 263.0 0.0048 10785.6220
82.0 266.0 0.0283 10714.9958
113.0 263.0 0.0122 10763.2621
134.0 263.0 0.0136 10759.2889
156.0 258.0 0.0228 10731.4888
187.0 256.0 0.0940 10517.9345
217.0 260.0 0.0753 10574.1607
233.0 266.0 0.1082 10475.3175
258.0 256.0 0.1246 10426.0832
282.0 267.0 0.1537 10338.8725
311.0 263.0 0.0270 10718.8745
338.0 265.0 0.0434 10669.9192
361.0 267.0 0.0311 10706.6800
384.0 258.0 0.0282 10715.4932
416.0 262.0 0.0320 10703.9506
437.0 261.0 0.0041 10787.5878
464.0 263.0 0.0046 10786.3357
493.0 265.0 0.0043 10787.1369
13.0 287.0 0.0038 10788.6962
37.0 288.0 0.0044 10786.8660
66.0 281.0 0.0046 10786.2158
83.0 285.0 0.0143 10757.2349
115.0 290.0 0.0210 10736.8935
135.0 285.0 0.0149 10755.2241
160.0 281.0 0.0146 10756.2582
188.0 287.0 0.0041 10787.6627
208.0 285.0 0.0664 10600.7459
232.0 293.0 0.0445 10666.5564
259.0 293.0 0.1046 10486.0752
282.0 283.0 0.0028 10791.6351
309.0 286.0 0.0834 10549.6716
336.0 291.0 0.0426 10672.2656
363.0 289.0 0.0399 10680.1554
390.0 292.0 0.0233 10730.2383
416.0 283.0 0.0046 10786.3104
437.0 289.0 0.0049 10785.2719
461.0 288.0 0.0046 10786.1364
490.0 281.0 0.0043 10786.9956
13.0 307.0 0.0041 10787.6426
33.0 317.0 0.0047 10786.0028
66.0 308.0 0.0045 10786.3940
82.0 309.0 0.0156 10753.1081
116.0 309.0 0.0048 10785.7400
135.0 308.0 0.0040 10787.8825
163.0 314.0 0.0583 10624.9671
185.0 306.0 0.1052 10484.5433
211.0 310.0 0.0615 10615.5786
240.0 306.0 0.0692 10592.3585
267.0 306.0 0.0246 10726.0891
283.0 312.0 0.0200 10740.0012
313.0 316.0 0.1176 10447.1625
334.0 308.0 0.0038 10788.4752
357.0 314.0 0.0145 10756.4062
392.0 318.0 0.0154 10753.8574
408.0 308.0 0.0224 10732.8476
436.0 318.0 0.0039 10788.2045
468.0 310.0 0.0048 10785.5347
488.0 318.0 0.0044 10786.8440
14.0 331.0 0.0046 10786.0802
41.0 332.0 0.0046 10786.0954
62.0 336.0 0.0059 10782.3982
88.0 331.0 0.0053 10784.1704
110.0 340.0 0.0411 10676.5808
132.0 332.0 0.0407 10677.8163
159.0 335.0 0.0498 10650.6513
183.0 340.0 0.0335 10699.3863
214.0 331.0 0.0146 10756.3200
238.0 335.0 0.0838 10548.4816
256.0 339.0 0.0426 10672.2047
283.0 336.0 0.0047 10785.8105
308.0 341.0 0.0288 10713.6455
337.0 333.0 0.0316 10705.2721
364.0 339.0 0.0464 10660.9152
386.0 343.0 0.0213 10736.0143
411.0 337.0 0.0335 10699.3988
435.0 340.0 0.0052 10784.4424
464.0 341.0 0.0052 10784.2684
485.0 340.0 0.0052 10784.4133
13.0 362.0 0.0054 10783.7596
35.0 361.0 0.0046 10786.3224
66.0 368.0 0.0194 10741.6658
92.0 363.0 0.0132 10760.3229
116.0 361.0 0.0052 10784.5430
139.0 360.0 0.0335 10699.6210
161.0 363.0 0.0202 10739.3214
181.0 368.0 0.0232 10730.3733
217.0 358.0 0.0125 10762.3860
233.0 356.0 0.0527 10642.0337
263.0 360.0 0.0120 10763.9036
282.0 368.0 0.0218 10734.5871
314.0 361.0 0.0684 10594.8803
342.0 364.0 0.0134 10759.8352
360.0 362.0 0.0277 10716.9372
386.0 361.0 0.0137 10758.8351
406.0 368.0 0.0156 10753.2771
431.0 356.0 0.0046 10786.2912
458.0 363.0 0.0050 10784.9316
492.0 359.0 0.0046 10786.2205
9.0 389.0 0.0047 10785.9775
41.0 382.0 0.0046 10786.1239
59.0 385.0 0.0051 10784.7523
82.0 391.0 0.0043 10787.1742
115.0 386.0 0.0328 10701.5690
142.0 383.0 0.0142 10757.4563
162.0 388.0 0.0232 10730.4881
193.0 381.0 0.0317 10704.8683
210.0 389.0 0.0050 10785.0512
234.0 392.0 0.0050 10785.0816
264.0 383.0 0.0229 10731.2690
282.0 386.0 0.0212 10736.3255
318.0 386.0 0.0134 10759.7968
338.0 390.0 0.0046 10786.2792
368.0 385.0 0.0233 10729.9679
382.0 386.0 0.0049 10785.3488
407.0 389.0 0.0228 10731.6825
432.0 388.0 0.0147 10756.0474
457.0 387.0 0.0045 10786.5379
483.0 391.0 0.0054 10783.9272
13.0 417.0 0.0039 10788.4423
41.0 412.0 0.0047 10785.9485
62.0 408.0 0.0143 10757.1443
86.0 415.0 0.0135 10759.5517
106.0 406.0 0.0429 10671.4450
134.0 411.0 0.0231 10730.7804
168.0 409.0 0.0143 10757.2187
193.0 415.0 0.0053 10784.1538
206.0 416.0 0.0134 10759.8221
235.0 411.0 0.0376 10687.2265
259.0 412.0 0.0128 10761.5542
287.0 415.0 0.0045 10786.5729
307.0 409.0 0.0234 10729.8463
337.0 409.0 0.0118 10764.5798
368.0 418.0 0.0303 10709.1762
387.0 412.0 0.0051 10784.6643
415.0 412.0 0.0232 10730.5363
439.0 411.0 0.0053 10784.1355
464.0 408.0 0.0058 10782.7215
492.0 416.0 0.0049 10785.2414
10.0 433.0 0.0045 10786.6007
35.0 438.0 0.0046 10786.1024
58.0 437.0 0.0047 10785.8950
89.0 441.0 0.0044 10786.9052
113.0 436.0 0.0137 10758.8893
137.0 434.0 0.0044 10786.6754
162.0 440.0 0.0043 10787.1351
189.0 439.0 0.0048 10785.5810
218.0 441.0 0.0049 10785.3090
233.0 437.0 0.0046 10786.0806
259.0 434.0 0.0047 10785.9350
281.0 436.0 0.0047 10786.0140
317.0 437.0 0.0046 10786.2455
337.0 441.0 0.0047 10785.9715
356.0 438.0 0.0052 10784.4629
383.0 441.0 0.0049 10785.2715
413.0 433.0 0.0243 10727.0316
433.0 433.0 0.0049 10785.1780
460.0 440.0 0.0056 10783.0613
482.0 443.0 0.0045 10786.4438
13.0 459.0 0.0054 10783.6630
35.0 457.0 0.0049 10785.3858
56.0 465.0 0.0045 10786.3836
93.0 466.0 0.0045 10786.4047
115.0 457.0 0.0050 10784.9178
133.0 467.0 0.0050 10785.0666
165.0 458.0 0.0047 10785.9444
192.0 463.0 0.0045 10786.3521
212.0 467.0 0.0049 10785.2801
238.0 466.0 0.0051 10784.7210
259.0 461.0 0.0047 10785.8249
285.0 457.0 0.0055 10783.4522
306.0 465.0 0.0045 10786.4814
333.0 460.0 0.0052 10784.3082
361.0 460.0 0.0049 10785.4072
386.0 467.0 0.0048 10785.6870
410.0 456.0 0.0050 10784.9368
440.0 467.0 0.0048 10785.6531
457.0 458.0 0.0047 10786.0225
487.0 460.0 0.0049 10785.3141
16.0 483.0 0.0053 10784.2427
41.0 486.0 0.0049 10785.2866
64.0 483.0 0.0052 10784.5137
86.0 481.0 0.0047 10785.8434
109.0 492.0 0.0051 10784.7919
134.0 485.0 0.0050 10784.9657
160.0 488.0 0.0045 10786.6176
193.0 490.0 0.0055 10783.5769
215.0 487.0 0.0041 10787.6170
239.0 488.0 0.0047 10785.8591
264.0 490.0 0.0050 10784.8733
289.0 489.0 0.0047 10785.9945
311.0 491.0 0.0048 10785.5833
341.0 483.0 0.0047 10785.9020
367.0 491.0 0.0049 10785.4067
391.0 490.0 0.0046 10786.2017
410.0 483.0 0.0044 10786.9451
438.0 487.0 0.0044 10786.6598
459.0 491.0 0.0043 10787.2144
483.0 483.0 0.0052 10784.2768
