12.0 10.0 0.0045 10786.4406
34.0 7.0 0.0048 10785.5061
55.0 5.0 0.0044 10786.7552
83.0 9.0 0.0049 10785.4430
112.0 11.0 0.0053 10784.0978
131.0 13.0 0.0047 10785.9508
162.0 5.0 0.0052 10784.5452
190.0 12.0 0.0050 10785.1171
218.0 19.0 0.0047 10785.9281
232.0 12.0 0.0052 10784.5248
261.0 16.0 0.0043 10787.1929
293.0 14.0 0.0050 10785.1332
318.0 18.0 0.0046 10786.2503
331.0 9.0 0.0051 10784.6337
367.0 15.0 0.0048 10785.5168
380.0 11.0 0.0051 10784.6943
416.0 7.0 0.0042 10787.3978
435.0 8.0 0.0052 10784.3646
464.0 13.0 0.0046 10786.2019
486.0 11.0 0.0045 10786.6193
18.0 41.0 0.0047 10786.0332
34.0 37.0 0.0047 10785.9838
66.0 33.0 0.0055 10783.5083
83.0 44.0 0.0043 10787.1100
108.0 39.0 0.0042 10787.4635
144.0 40.0 0.0050 10785.0836
156.0 30.0 0.0053 10783.9602
194.0 39.0 0.0050 10784.8909
209.0 43.0 0.0048 10785.6780
231.0 35.0 0.0040 10787.9776
257.0 41.0 0.0046 10786.1318
288.0 38.0 0.0047 10785.9897
312.0 31.0 0.0059 10782.1691
334.0 44.0 0.0056 10783.2973
356.0 33.0 0.0049 10785.2640
384.0 32.0 0.0055 10783.5147
405.0 36.0 0.0046 10786.1529
442.0 36.0 0.0046 10786.1080
459.0 44.0 0.0048 10785.6151
481.0 39.0 0.0047 10786.0092
6.0 68.0 0.0049 10785.3295
37.0 62.0 0.0037 10788.9654
61.0 57.0 0.0049 10785.3935
80.0 55.0 0.0135 10759.4527
109.0 56.0 0.0045 10786.6112
133.0 61.0 0.0051 10784.5965
160.0 58.0 0.0049 10785.3454
188.0 65.0 0.0053 10783.9660
218.0 60.0 0.0053 10784.0961
240.0 58.0 0.0046 10786.2363
264.0 67.0 0.0049 10785.3208
287.0 69.0 0.0044 10786.8138
310.0 55.0 0.0044 10786.9286
344.0 63.0 0.0045 10786.6206
366.0 65.0 0.0219 10734.4431
389.0 69.0 0.0039 10788.2955
409.0 64.0 0.0053 10784.0288
440.0 57.0 0.0044 10786.7979
455.0 65.0 0.0047 10785.9701
489.0 61.0 0.0040 10787.8950
18.0 87.0 0.0051 10784.7786
43.0 83.0 0.0050 10785.0666
69.0 90.0 0.0046 10786.1280
81.0 80.0 0.0208 10737.6401
117.0 85.0 0.0141 10757.7389
131.0 87.0 0.0050 10784.9307
169.0 80.0 0.0144 10756.9480
184.0 83.0 0.0241 10727.7187
219.0 81.0 0.0052 10784.3304
241.0 86.0 0.0118 10764.7243
255.0 93.0 0.0352 10694.5012
284.0 84.0 0.0227 10732.0218
317.0 85.0 0.0126 10762.1120
344.0 88.0 0.0237 10728.9228
355.0 82.0 0.0054 10783.6815
384.0 92.0 0.0222 10733.3410
414.0 86.0 0.0272 10718.3416
443.0 83.0 0.0132 10760.3156
456.0 86.0 0.0049 10785.4035
481.0 92.0 0.0049 10785.1550
12.0 109.0 0.0049 10785.3910
43.0 114.0 0.0046 10786.2911
68.0 109.0 0.0228 10731.5490
90.0 113.0 0.0132 10760.2826
118.0 105.0 0.0256 10723.2468
141.0 113.0 0.0308 10707.6931
165.0 113.0 0.0226 10732.2782
186.0 115.0 0.0145 10756.5050
218.0 113.0 0.0041 10787.8059
242.0 112.0 0.0309 10707.2827
256.0 111.0 0.0045 10786.5166
285.0 118.0 0.0207 10738.0374
307.0 119.0 0.0149 10755.1720
336.0 114.0 0.0140 10757.9125
359.0 116.0 0.0143 10757.0281
394.0 117.0 0.0209 10737.4226
410.0 106.0 0.0052 10784.4002
436.0 111.0 0.0052 10784.3051
461.0 111.0 0.0047 10786.0355
486.0 119.0 0.0051 10784.6944
17.0 133.0 0.0049 10785.2124
33.0 143.0 0.0040 10787.9002
55.0 136.0 0.0136 10759.0552
90.0 140.0 0.0207 10737.8328
116.0 143.0 0.0048 10785.5401
137.0 134.0 0.0377 10686.7665
169.0 138.0 0.0140 10758.0469
183.0 140.0 0.0320 10703.9064
209.0 138.0 0.0051 10784.6689
232.0 143.0 0.0597 10620.8259
256.0 133.0 0.0049 10785.4055
290.0 144.0 0.0194 10741.9428
313.0 131.0 0.0597 10620.8497
333.0 140.0 0.0055 10783.5233
359.0 134.0 0.0572 10628.4227
382.0 130.0 0.0130 10761.0653
405.0 144.0 0.0229 10731.3395
438.0 139.0 0.0052 10784.3033
464.0 133.0 0.0057 10782.9893
493.0 143.0 0.0052 10784.2840
18.0 161.0 0.0054 10783.8561
44.0 163.0 0.0048 10785.6304
60.0 169.0 0.0043 10787.2185
81.0 161.0 0.0208 10737.4618
107.0 165.0 0.0329 10701.1616
131.0 168.0 0.0452 10664.3050
167.0 163.0 0.0054 10783.8217
182.0 158.0 0.0130 10761.0404
207.0 168.0 0.0678 10596.5545
242.0 157.0 0.0050 10785.1043
262.0 160.0 0.1122 10463.3178
288.0 161.0 0.0386 10684.3285
307.0 165.0 0.0327 10701.9210
337.0 163.0 0.0556 10633.1130
356.0 160.0 0.0045 10786.5411
393.0 155.0 0.0307 10707.8296
419.0 160.0 0.0053 10784.2493
434.0 165.0 0.0136 10759.1773
469.0 163.0 0.0046 10786.0908
491.0 165.0 0.0049 10785.1751
13.0 182.0 0.0047 10785.7663
31.0 188.0 0.0048 10785.4517
68.0 186.0 0.0048 10785.4691
81.0 188.0 0.0136 10759.1354
111.0 192.0 0.0045 10786.4208
130.0 190.0 0.0295 10711.6441
155.0 187.0 0.0937 10518.8345
194.0 188.0 0.1099 10470.3670
219.0 187.0 0.0038 10788.4812
242.0 183.0 0.0431 10670.6870
268.0 191.0 0.0793 10562.2427
288.0 191.0 0.0037 10788.9634
319.0 182.0 0.0211 10736.6937
338.0 190.0 0.0384 10684.8918
368.0 182.0 0.0235 10729.4733
393.0 188.0 0.0317 10704.8560
411.0 186.0 0.0135 10759.4588
441.0 190.0 0.0043 10787.0787
460.0 194.0 0.0054 10783.9162
492.0 182.0 0.0052 10784.5430
11.0 214.0 0.0048 10785.6412
43.0 215.0 0.0051 10784.7447
69.0 211.0 0.0046 10786.2712
84.0 211.0 0.0148 10755.6751
115.0 211.0 0.0208 10737.5702
138.0 217.0 0.0049 10785.4082
168.0 216.0 0.0139 10758.3494
184.0 219.0 0.0615 10615.4565
219.0 217.0 0.0307 10707.8940
236.0 218.0 0.1052 10484.2565
269.0 207.0 0.1185 10444.4986
294.0 219.0 0.0749 10575.4353
316.0 218.0 0.0376 10687.2298
330.0 213.0 0.1212 10436.5012
366.0 210.0 0.0320 10704.1352
382.0 205.0 0.0143 10757.1543
411.0 217.0 0.0209 10737.3488
434.0 208.0 0.0046 10786.2358
467.0 207.0 0.0047 10786.0100
483.0 206.0 0.0038 10788.5408
10.0 238.0 0.0044 10786.8339
36.0 232.0 0.0051 10784.7368
69.0 230.0 0.0046 10786.1058
88.0 232.0 0.0372 10688.3445
110.0 237.0 0.0047 10785.9213
144.0 244.0 0.0364 10690.6550
165.0 236.0 0.0848 10545.5973
189.0 239.0 0.1016 10495.1007
215.0 237.0 0.0689 10593.3710
240.0 230.0 0.0459 10662.2840
260.0 236.0 0.2297 10111.0314
289.0 244.0 0.1711 10286.8257
315.0 240.0 0.0498 10650.6587
334.0 241.0 0.0388 10683.4912
364.0 240.0 0.0383 10685.1596
380.0 231.0 0.0224 10732.6611
415.0 243.0 0.0045 10786.6309
442.0 243.0 0.0047 10786.0228
462.0 242.0 0.0045 10786.6388
493.0 243.0 0.0053 10784.2027
5.0 264.0 0.0050 10785.0204
30.0 263.0 0.0048 10785.6585
55.0 267.0 0.0049 10785.3216
81.0 265.0 0.0134 10759.8400
114.0 267.0 0.0388 10683.6435
137.0 267.0 0.0311 10706.7571
161.0 267.0 0.0624 10612.7673
182.0 266.0 0.0588 10623.5795
213.0 261.0 0.0891 10532.7373
234.0 265.0 0.1798 10260.5887
268.0 258.0 0.0932 10520.2804
292.0 267.0 0.0599 10620.4043
318.0 258.0 0.0432 10670.2864
340.0 256.0 0.0139 10758.4240
367.0 266.0 0.0049 10785.1930
394.0 266.0 0.0043 10787.1773
406.0 266.0 0.0326 10702.3111
435.0 256.0 0.0039 10788.1790
468.0 267.0 0.0047 10785.9781
489.0 267.0 0.0047 10786.0174
14.0 280.0 0.0048 10785.7415
31.0 286.0 0.0047 10785.8880
64.0 292.0 0.0041 10787.6439
87.0 283.0 0.0043 10787.0787
115.0 293.0 0.0120 10763.8690
134.0 285.0 0.0145 10756.5776
164.0 292.0 0.0131 10760.8200
190.0 290.0 0.0041 10787.6784
216.0 282.0 0.0429 10671.1845
243.0 291.0 0.0750 10574.9432
269.0 294.0 0.0326 10702.3089
280.0 284.0 0.0369 10689.3661
317.0 292.0 0.0745 10576.5518
340.0 290.0 0.0049 10785.3399
360.0 284.0 0.0122 10763.5039
388.0 285.0 0.0412 10676.2900
405.0 290.0 0.0338 10698.6180
438.0 284.0 0.0054 10783.7651
466.0 286.0 0.0043 10787.0084
488.0 294.0 0.0050 10784.9904
13.0 315.0 0.0044 10786.9061
31.0 317.0 0.0047 10785.8016
62.0 311.0 0.0049 10785.3288
82.0 307.0 0.0242 10727.3914
110.0 310.0 0.0044 10786.7165
130.0 308.0 0.0319 10704.3226
168.0 306.0 0.0045 10786.4466
180.0 315.0 0.0296 10711.1116
211.0 309.0 0.0040 10787.9576
230.0 309.0 0.1008 10497.4697
262.0 319.0 0.0443 10667.0886
287.0 307.0 0.1288 10413.5931
317.0 310.0 0.0793 10562.1247
341.0 313.0 0.0687 10594.0101
357.0 309.0 0.0312 10706.3803
385.0 309.0 0.0048 10785.7338
407.0 316.0 0.0053 10784.0087
436.0 308.0 0.0040 10788.0123
458.0 307.0 0.0044 10786.8331
484.0 313.0 0.0045 10786.5351
12.0 339.0 0.0043 10787.1971
44.0 334.0 0.0051 10784.6976
59.0 332.0 0.0058 10782.6610
92.0 336.0 0.0050 10784.8742
109.0 335.0 0.0232 10730.3316
130.0 333.0 0.0310 10707.0315
169.0 337.0 0.0317 10704.8336
182.0 339.0 0.0585 10624.6411
209.0 336.0 0.1060 10481.9520
239.0 340.0 0.0565 10630.5682
261.0 344.0 0.0327 10701.9004
283.0 342.0 0.0132 10760.4646
317.0 331.0 0.0051 10784.7296
344.0 334.0 0.0314 10705.6592
359.0 339.0 0.0124 10762.8871
381.0 343.0 0.0316 10705.0636
419.0 342.0 0.0402 10679.2590
437.0 336.0 0.0049 10785.3482
458.0 332.0 0.0049 10785.4208
480.0 335.0 0.0055 10783.5044
15.0 360.0 0.0053 10784.1110
30.0 360.0 0.0049 10785.3336
59.0 368.0 0.0044 10786.7061
91.0 368.0 0.0222 10733.5443
105.0 363.0 0.0250 10724.8696
143.0 369.0 0.0302 10709.4550
168.0 362.0 0.0565 10630.5217
182.0 360.0 0.0137 10758.8730
206.0 364.0 0.0135 10759.5844
234.0 368.0 0.0204 10738.6896
261.0 355.0 0.0193 10741.9750
281.0 358.0 0.0208 10737.4796
307.0 361.0 0.0398 10680.7320
337.0 358.0 0.0600 10620.1173
357.0 363.0 0.0157 10752.9630
383.0 369.0 0.0137 10758.9997
415.0 368.0 0.0142 10757.4885
433.0 358.0 0.0040 10787.8626
467.0 355.0 0.0059 10782.1735
491.0 359.0 0.0040 10788.0189
12.0 394.0 0.0044 10786.7006
38.0 385.0 0.0050 10784.9006
69.0 384.0 0.0125 10762.5307
93.0 388.0 0.0136 10759.1331
108.0 389.0 0.0054 10783.9166
131.0 392.0 0.0120 10763.9091
156.0 385.0 0.0284 10714.7962
193.0 380.0 0.0211 10736.6988
208.0 387.0 0.0045 10786.5811
241.0 389.0 0.0128 10761.4687
260.0 381.0 0.0338 10698.4604
286.0 383.0 0.0122 10763.4711
316.0 381.0 0.0129 10761.1539
342.0 394.0 0.0323 10703.1283
356.0 390.0 0.0145 10756.5064
392.0 382.0 0.0137 10758.7668
406.0 392.0 0.0216 10735.2045
437.0 385.0 0.0051 10784.5983
464.0 381.0 0.0044 10786.8436
486.0 392.0 0.0047 10785.7571
9.0 413.0 0.0048 10785.6451
35.0 418.0 0.0055 10783.4124
68.0 409.0 0.0054 10783.7652
92.0 417.0 0.0127 10761.8779
109.0 414.0 0.0297 10710.9520
141.0 416.0 0.0239 10728.3621
162.0 407.0 0.0238 10728.6420
188.0 415.0 0.0049 10785.1872
219.0 409.0 0.0272 10718.2885
237.0 412.0 0.0035 10789.3637
266.0 405.0 0.0418 10674.5779
287.0 408.0 0.0045 10786.3544
305.0 405.0 0.0127 10761.9622
333.0 409.0 0.0045 10786.5244
363.0 416.0 0.0222 10733.3193
393.0 417.0 0.0045 10786.4778
408.0 411.0 0.0240 10727.9766
441.0 408.0 0.0242 10727.3489
468.0 411.0 0.0054 10783.8489
482.0 406.0 0.0050 10784.9834
7.0 443.0 0.0045 10786.6397
35.0 432.0 0.0051 10784.6366
60.0 435.0 0.0053 10784.1283
84.0 439.0 0.0149 10755.1556
116.0 435.0 0.0143 10757.1238
131.0 433.0 0.0052 10784.4535
159.0 431.0 0.0048 10785.7284
192.0 436.0 0.0044 10786.6988
211.0 431.0 0.0037 10788.7924
234.0 434.0 0.0048 10785.5881
264.0 439.0 0.0048 10785.5703
281.0 431.0 0.0056 10783.2979
317.0 437.0 0.0139 10758.2509
344.0 435.0 0.0046 10786.0703
369.0 434.0 0.0135 10759.4840
385.0 431.0 0.0049 10785.2447
409.0 443.0 0.0048 10785.6369
442.0 438.0 0.0042 10787.2793
468.0 438.0 0.0053 10784.0674
490.0 432.0 0.0052 10784.3315
19.0 460.0 0.0054 10783.7789
44.0 468.0 0.0047 10785.9650
66.0 460.0 0.0052 10784.4244
81.0 466.0 0.0051 10784.8189
110.0 467.0 0.0047 10785.7570
130.0 464.0 0.0049 10785.2706
167.0 464.0 0.0051 10784.6737
184.0 463.0 0.0046 10786.0669
205.0 456.0 0.0041 10787.6188
237.0 468.0 0.0055 10783.5535
265.0 455.0 0.0045 10786.6007
285.0 455.0 0.0046 10786.0571
317.0 465.0 0.0048 10785.4884
341.0 458.0 0.0045 10786.5511
363.0 466.0 0.0042 10787.4200
383.0 459.0 0.0043 10787.0437
413.0 459.0 0.0057 10782.9771
439.0 468.0 0.0045 10786.4739
456.0 465.0 0.0049 10785.2163
490.0 466.0 0.0042 10787.3404
8.0 481.0 0.0051 10784.5507
43.0 482.0 0.0048 10785.4559
56.0 484.0 0.0052 10784.4746
80.0 491.0 0.0046 10786.3468
109.0 491.0 0.0048 10785.4620
137.0 491.0 0.0053 10784.0219
164.0 480.0 0.0049 10785.3579
190.0 490.0 0.0051 10784.7207
212.0 494.0 0.0045 10786.4004
237.0 484.0 0.0052 10784.3901
255.0 488.0 0.0050 10784.9635
283.0 485.0 0.0046 10786.1602
311.0 481.0 0.0053 10784.1450
330.0 491.0 0.0054 10783.8032
368.0 493.0 0.0041 10787.5880
394.0 489.0 0.0048 10785.4585
407.0 484.0 0.0046 10786.2667
441.0 486.0 0.0052 10784.3459
456.0 487.0 0.0055 10783.5456
488.0 481.0 0.0053 10784.1018
