18.0 20.0 0.0051 10784.7910
38.0 12.0 0.0043 10787.0933
70.0 6.0 0.0048 10785.5317
93.0 9.0 0.0051 10784.7488
118.0 6.0 0.0053 10784.0978
133.0 8.0 0.0046 10786.1062
160.0 8.0 0.0055 10783.6340
192.0 12.0 0.0042 10787.4442
217.0 5.0 0.0049 10785.4007
243.0 14.0 0.0049 10785.4067
267.0 5.0 0.0042 10787.3190
279.0 16.0 0.0049 10785.4051
308.0 13.0 0.0053 10784.0607
332.0 18.0 0.0052 10784.3837
355.0 13.0 0.0043 10787.0936
391.0 9.0 0.0051 10784.5628
411.0 13.0 0.0049 10785.2866
440.0 5.0 0.0049 10785.3488
454.0 18.0 0.0043 10787.0171
485.0 15.0 0.0036 10789.0835
8.0 45.0 0.0051 10784.5761
41.0 39.0 0.0049 10785.1754
67.0 32.0 0.0055 10783.6217
91.0 37.0 0.0054 10783.8713
108.0 44.0 0.0041 10787.6153
140.0 31.0 0.0044 10786.9053
166.0 42.0 0.0048 10785.6231
181.0 37.0 0.0044 10786.7136
211.0 30.0 0.0058 10782.6552
244.0 45.0 0.0038 10788.4705
255.0 30.0 0.0052 10784.4227
280.0 33.0 0.0055 10783.5893
314.0 37.0 0.0056 10783.3093
343.0 41.0 0.0050 10785.1438
369.0 34.0 0.0047 10785.9330
379.0 45.0 0.0046 10786.0991
406.0 30.0 0.0053 10784.0244
443.0 43.0 0.0048 10785.4629
454.0 31.0 0.0039 10788.2228
492.0 42.0 0.0049 10785.1780
5.0 66.0 0.0049 10785.2600
33.0 59.0 0.0047 10785.8962
65.0 69.0 0.0047 10785.9860
92.0 69.0 0.0206 10738.0558
119.0 70.0 0.0046 10786.0573
134.0 63.0 0.0133 10760.1807
167.0 54.0 0.0146 10756.1778
193.0 58.0 0.0045 10786.5264
213.0 53.0 0.0052 10784.2699
239.0 57.0 0.0047 10785.8824
265.0 55.0 0.0045 10786.3931
279.0 60.0 0.0043 10787.2218
306.0 59.0 0.0048 10785.7311
339.0 63.0 0.0134 10759.8307
365.0 69.0 0.0049 10785.2163
379.0 53.0 0.0038 10788.7117
406.0 65.0 0.0050 10784.9768
429.0 56.0 0.0131 10760.6114
454.0 67.0 0.0047 10785.7601
493.0 56.0 0.0046 10786.2618
19.0 91.0 0.0050 10785.1458
36.0 94.0 0.0052 10784.3885
64.0 84.0 0.0047 10785.9624
84.0 95.0 0.0140 10757.8676
104.0 94.0 0.0141 10757.8036
139.0 93.0 0.0130 10761.0431
156.0 92.0 0.0114 10765.7924
179.0 91.0 0.0154 10753.7690
209.0 90.0 0.0204 10738.7317
242.0 94.0 0.0232 10730.2770
258.0 81.0 0.0141 10757.6684
283.0 94.0 0.0155 10753.6006
312.0 94.0 0.0043 10787.1562
344.0 90.0 0.0138 10758.4980
358.0 88.0 0.0132 10760.2972
395.0 79.0 0.0310 10707.0581
410.0 85.0 0.0140 10757.8697
431.0 94.0 0.0045 10786.3690
470.0 92.0 0.0051 10784.6920
491.0 91.0 0.0050 10785.0994
7.0 106.0 0.0045 10786.6275
43.0 116.0 0.0047 10786.0239
60.0 118.0 0.0139 10758.2161
87.0 108.0 0.0056 10783.3494
105.0 112.0 0.0275 10717.5312
137.0 110.0 0.0154 10753.7483
160.0 105.0 0.0477 10656.8341
186.0 115.0 0.0240 10727.8660
214.0 103.0 0.0044 10786.7211
243.0 113.0 0.0146 10756.1472
255.0 119.0 0.0307 10707.9570
289.0 117.0 0.0155 10753.5976
318.0 120.0 0.0135 10759.6412
336.0 107.0 0.0515 10645.4431
363.0 108.0 0.0310 10706.9722
390.0 108.0 0.0142 10757.3262
407.0 114.0 0.0143 10757.1596
445.0 114.0 0.0131 10760.6401
454.0 113.0 0.0051 10784.6765
487.0 112.0 0.0054 10783.6993
7.0 132.0 0.0052 10784.4183
37.0 135.0 0.0042 10787.3570
63.0 144.0 0.0049 10785.4445
78.0 143.0 0.0132 10760.4864
112.0 140.0 0.0213 10736.1399
131.0 131.0 0.0124 10762.7288
169.0 136.0 0.0323 10703.2333
179.0 142.0 0.0218 10734.5160
205.0 136.0 0.0250 10725.0384
245.0 144.0 0.0137 10758.9878
268.0 132.0 0.0302 10709.3138
294.0 132.0 0.0410 10676.8820
315.0 142.0 0.0142 10757.3648
344.0 144.0 0.0228 10731.5510
366.0 142.0 0.0039 10788.4336
395.0 144.0 0.0046 10786.0550
404.0 131.0 0.0138 10758.7476
441.0 139.0 0.0057 10782.8695
458.0 140.0 0.0050 10785.0393
485.0 142.0 0.0054 10783.7957
7.0 170.0 0.0050 10785.0574
42.0 166.0 0.0038 10788.4752
56.0 160.0 0.0048 10785.4931
91.0 158.0 0.0136 10759.1446
113.0 161.0 0.0225 10732.3923
136.0 163.0 0.0414 10675.7729
162.0 156.0 0.0694 10591.6875
185.0 158.0 0.0398 10680.5691
212.0 171.0 0.0783 10565.0935
231.0 165.0 0.0493 10652.0677
270.0 165.0 0.0682 10595.4545
295.0 158.0 0.0570 10628.9997
307.0 164.0 0.0052 10784.5118
335.0 154.0 0.0032 10790.5308
355.0 158.0 0.0474 10657.6523
380.0 160.0 0.0407 10678.0385
412.0 159.0 0.0237 10728.9884
428.0 170.0 0.0054 10783.7156
461.0 155.0 0.0052 10784.4036
490.0 162.0 0.0048 10785.5707
6.0 186.0 0.0057 10782.8451
32.0 187.0 0.0050 10784.8956
61.0 182.0 0.0042 10787.4482
89.0 192.0 0.0142 10757.2882
107.0 192.0 0.0136 10759.2613
132.0 191.0 0.0232 10730.2522
163.0 189.0 0.0043 10787.2303
178.0 190.0 0.0641 10607.7291
217.0 195.0 0.0731 10580.6264
232.0 181.0 0.0360 10692.1297
268.0 180.0 0.0384 10684.7222
284.0 186.0 0.0038 10788.5998
310.0 182.0 0.0124 10762.6613
340.0 180.0 0.0405 10678.5797
358.0 187.0 0.0242 10727.3729
388.0 184.0 0.0151 10754.6944
421.0 195.0 0.0041 10787.7997
437.0 191.0 0.0048 10785.5961
454.0 187.0 0.0051 10784.7206
481.0 191.0 0.0053 10783.9910
10.0 210.0 0.0051 10784.8360
29.0 214.0 0.0045 10786.3957
56.0 210.0 0.0048 10785.6254
91.0 212.0 0.0141 10757.7596
120.0 217.0 0.0230 10730.8882
134.0 205.0 0.0288 10713.6697
159.0 209.0 0.0221 10733.8475
189.0 213.0 0.0200 10740.0385
206.0 216.0 0.0903 10529.1364
243.0 221.0 0.0472 10658.3448
256.0 209.0 0.0973 10508.1124
287.0 205.0 0.0906 10528.1695
306.0 219.0 0.0498 10650.6394
339.0 207.0 0.0723 10582.9537
356.0 218.0 0.0370 10688.8689
394.0 212.0 0.0323 10703.1966
421.0 204.0 0.0224 10732.9143
441.0 218.0 0.0051 10784.5965
460.0 207.0 0.0044 10786.7754
479.0 220.0 0.0046 10786.3346
10.0 244.0 0.0046 10786.3319
38.0 243.0 0.0051 10784.6240
70.0 232.0 0.0040 10788.0267
90.0 232.0 0.0300 10710.0900
106.0 236.0 0.0208 10737.5500
135.0 242.0 0.0375 10687.4163
169.0 229.0 0.1016 10495.1232
182.0 243.0 0.0276 10717.1827
205.0 233.0 0.1283 10415.0664
232.0 231.0 0.0507 10647.9467
268.0 245.0 0.1063 10481.2142
289.0 244.0 0.1499 10350.3384
307.0 237.0 0.0683 10595.2190
334.0 233.0 0.0668 10599.5156
368.0 237.0 0.0225 10732.4567
384.0 235.0 0.0286 10714.2933
420.0 232.0 0.0135 10759.5094
445.0 244.0 0.0046 10786.1677
463.0 234.0 0.0042 10787.3190
494.0 234.0 0.0041 10787.7594
13.0 269.0 0.0047 10785.9803
40.0 256.0 0.0052 10784.3701
56.0 260.0 0.0048 10785.5206
81.0 267.0 0.0048 10785.7030
114.0 256.0 0.0051 10784.7772
130.0 261.0 0.0208 10737.5394
166.0 257.0 0.0386 10684.1257
179.0 255.0 0.0041 10787.5584
207.0 262.0 0.0846 10546.1095
228.0 254.0 0.1773 10268.0340
270.0 266.0 0.1106 10468.1037
289.0 257.0 0.0026 10792.0634
312.0 267.0 0.0196 10741.0948
330.0 256.0 0.0312 10706.5230
369.0 253.0 0.0292 10712.3548
391.0 269.0 0.0048 10785.4877
408.0 268.0 0.0216 10735.2803
435.0 259.0 0.0050 10784.8940
457.0 265.0 0.0052 10784.3459
484.0 258.0 0.0043 10787.2098
5.0 285.0 0.0043 10786.9821
44.0 281.0 0.0050 10785.1379
58.0 285.0 0.0048 10785.4887
87.0 280.0 0.0206 10738.1962
118.0 294.0 0.0127 10761.7862
130.0 286.0 0.0046 10786.1020
159.0 287.0 0.0386 10684.2040
195.0 282.0 0.0490 10652.9066
213.0 285.0 0.0945 10516.4548
244.0 294.0 0.1727 10281.9742
266.0 295.0 0.0440 10668.0575
283.0 281.0 0.0924 10522.8648
316.0 290.0 0.0726 10582.2652
345.0 283.0 0.0417 10674.8149
365.0 285.0 0.0139 10758.2723
383.0 285.0 0.0342 10697.4726
416.0 294.0 0.0041 10787.8056
439.0 289.0 0.0056 10783.2601
459.0 292.0 0.0042 10787.3131
488.0 283.0 0.0047 10786.0500
15.0 309.0 0.0040 10788.0930
31.0 307.0 0.0048 10785.6308
67.0 311.0 0.0045 10786.6042
87.0 307.0 0.0295 10711.5007
109.0 304.0 0.0230 10730.9454
131.0 304.0 0.0232 10730.3766
160.0 308.0 0.0511 10646.5659
190.0 310.0 0.0776 10567.1736
219.0 320.0 0.0613 10616.0300
240.0 307.0 0.0259 10722.2224
256.0 320.0 0.0350 10695.0932
282.0 305.0 0.0484 10654.9486
306.0 312.0 0.0047 10785.9115
342.0 307.0 0.0228 10731.4670
363.0 315.0 0.0594 10621.9438
379.0 307.0 0.0137 10758.9931
410.0 308.0 0.0115 10765.6292
433.0 312.0 0.0130 10760.8906
453.0 312.0 0.0045 10786.5224
494.0 317.0 0.0046 10786.1153
16.0 337.0 0.0043 10787.1771
30.0 344.0 0.0049 10785.2404
57.0 340.0 0.0135 10759.6267
87.0 346.0 0.0221 10733.5746
119.0 335.0 0.0227 10731.8879
144.0 340.0 0.0410 10677.0546
164.0 330.0 0.0418 10674.6570
181.0 338.0 0.0296 10711.1870
204.0 339.0 0.0239 10728.1814
233.0 340.0 0.0235 10729.3901
262.0 339.0 0.0796 10561.0758
287.0 343.0 0.0641 10607.6828
320.0 330.0 0.0496 10651.1994
344.0 343.0 0.0497 10650.8478
355.0 344.0 0.0129 10761.4028
395.0 332.0 0.0243 10727.1440
408.0 330.0 0.0050 10784.9768
432.0 331.0 0.0047 10785.9812
453.0 333.0 0.0049 10785.3064
482.0 337.0 0.0055 10783.5774
15.0 356.0 0.0054 10783.7402
42.0 360.0 0.0052 10784.3955
59.0 368.0 0.0137 10758.9611
90.0 370.0 0.0140 10758.0712
109.0 368.0 0.0137 10758.9975
136.0 365.0 0.0043 10787.2209
163.0 359.0 0.0332 10700.3986
179.0 359.0 0.0307 10707.8938
210.0 369.0 0.0135 10759.3842
241.0 370.0 0.0207 10737.7999
255.0 360.0 0.0353 10694.2452
283.0 364.0 0.0132 10760.5264
317.0 366.0 0.0226 10732.1575
343.0 367.0 0.0137 10758.9179
359.0 361.0 0.0407 10677.9003
389.0 369.0 0.0223 10733.1069
411.0 362.0 0.0146 10756.3301
444.0 355.0 0.0050 10784.9835
454.0 355.0 0.0058 10782.5590
492.0 365.0 0.0043 10787.0842
7.0 378.0 0.0046 10786.1348
38.0 380.0 0.0051 10784.6275
67.0 385.0 0.0056 10783.2312
88.0 389.0 0.0041 10787.6928
106.0 395.0 0.0144 10756.7318
145.0 384.0 0.0318 10704.5052
167.0 379.0 0.0298 10710.7289
180.0 393.0 0.0123 10763.0500
205.0 379.0 0.0127 10761.8455
230.0 379.0 0.0322 10703.4824
255.0 388.0 0.0052 10784.4896
287.0 382.0 0.0239 10728.1865
305.0 386.0 0.0136 10759.2956
344.0 395.0 0.0128 10761.5699
360.0 386.0 0.0231 10730.6705
393.0 395.0 0.0226 10732.2428
406.0 391.0 0.0230 10730.9645
432.0 391.0 0.0132 10760.4819
455.0 396.0 0.0048 10785.7255
495.0 394.0 0.0053 10783.9772
7.0 406.0 0.0045 10786.5790
34.0 418.0 0.0056 10783.2351
70.0 403.0 0.0151 10754.6935
91.0 413.0 0.0239 10728.2380
121.0 414.0 0.0131 10760.7931
145.0 419.0 0.0237 10729.0329
163.0 404.0 0.0133 10760.0478
194.0 407.0 0.0133 10760.1550
213.0 403.0 0.0049 10785.2130
234.0 405.0 0.0321 10703.7200
266.0 418.0 0.0043 10786.9869
288.0 405.0 0.0199 10740.2062
311.0 407.0 0.0310 10707.0967
344.0 407.0 0.0142 10757.3439
365.0 405.0 0.0150 10754.9066
394.0 405.0 0.0210 10737.1068
405.0 407.0 0.0139 10758.3212
434.0 420.0 0.0141 10757.7282
468.0 408.0 0.0057 10782.9587
487.0 412.0 0.0045 10786.6058
7.0 438.0 0.0046 10786.3373
36.0 433.0 0.0050 10785.0724
70.0 438.0 0.0049 10785.1527
81.0 443.0 0.0229 10731.2556
118.0 444.0 0.0046 10786.3278
136.0 432.0 0.0048 10785.6300
163.0 429.0 0.0044 10786.8130
186.0 431.0 0.0137 10758.8807
209.0 430.0 0.0047 10785.8211
238.0 430.0 0.0041 10787.7324
264.0 441.0 0.0046 10786.0762
295.0 439.0 0.0055 10783.6294
320.0 444.0 0.0054 10783.9162
345.0 441.0 0.0045 10786.5830
369.0 439.0 0.0055 10783.6121
381.0 439.0 0.0045 10786.4185
413.0 429.0 0.0142 10757.3529
438.0 442.0 0.0051 10784.7296
465.0 436.0 0.0050 10785.1450
482.0 429.0 0.0052 10784.2606
4.0 464.0 0.0060 10782.0434
33.0 470.0 0.0045 10786.5754
65.0 461.0 0.0046 10786.3141
90.0 469.0 0.0040 10787.9594
112.0 470.0 0.0050 10784.9342
145.0 457.0 0.0048 10785.7020
170.0 466.0 0.0050 10784.9064
194.0 467.0 0.0051 10784.8196
209.0 464.0 0.0048 10785.4594
239.0 463.0 0.0049 10785.2414
269.0 458.0 0.0055 10783.6260
279.0 463.0 0.0049 10785.3990
304.0 457.0 0.0042 10787.5144
337.0 459.0 0.0044 10786.7851
363.0 467.0 0.0045 10786.6161
386.0 471.0 0.0050 10785.1025
419.0 458.0 0.0046 10786.3149
440.0 469.0 0.0048 10785.5391
460.0 465.0 0.0050 10784.9192
482.0 462.0 0.0049 10785.2518
4.0 479.0 0.0050 10784.9388
30.0 495.0 0.0040 10788.0462
65.0 490.0 0.0047 10785.8419
80.0 485.0 0.0045 10786.4025
118.0 491.0 0.0045 10786.3806
130.0 495.0 0.0051 10784.5877
161.0 480.0 0.0048 10785.6656
191.0 495.0 0.0053 10784.2129
220.0 487.0 0.0044 10786.7926
235.0 479.0 0.0045 10786.4637
261.0 484.0 0.0050 10785.0136
285.0 494.0 0.0052 10784.4008
316.0 487.0 0.0051 10784.6402
343.0 490.0 0.0053 10784.0743
356.0 479.0 0.0047 10785.8864
383.0 483.0 0.0053 10784.1615
410.0 493.0 0.0053 10784.1758
432.0 488.0 0.0049 10785.3012
461.0 494.0 0.0047 10785.9346
488.0 485.0 0.0051 10784.6052
