18.0 10.0 0.0045 10786.4126
29.0 18.0 0.0051 10784.7458
60.0 3.0 0.0047 10785.9149
92.0 21.0 0.0044 10786.7301
120.0 17.0 0.0050 10785.0559
130.0 6.0 0.0044 10786.7741
158.0 15.0 0.0052 10784.4222
193.0 15.0 0.0035 10789.4844
211.0 5.0 0.0043 10787.1684
245.0 6.0 0.0053 10784.1280
264.0 13.0 0.0045 10786.5330
286.0 21.0 0.0047 10785.9489
320.0 18.0 0.0058 10782.6535
345.0 17.0 0.0052 10784.4811
364.0 13.0 0.0046 10786.0763
383.0 12.0 0.0048 10785.4743
405.0 3.0 0.0049 10785.2796
430.0 18.0 0.0045 10786.5220
465.0 8.0 0.0039 10788.2343
480.0 10.0 0.0048 10785.6788
4.0 44.0 0.0044 10786.8707
31.0 32.0 0.0055 10783.5981
68.0 39.0 0.0047 10785.7960
78.0 34.0 0.0046 10786.2391
115.0 29.0 0.0040 10787.8917
140.0 38.0 0.0050 10784.9488
168.0 43.0 0.0054 10783.8329
193.0 27.0 0.0051 10784.6718
208.0 44.0 0.0059 10782.2937
230.0 33.0 0.0041 10787.5565
253.0 40.0 0.0046 10786.3106
280.0 30.0 0.0044 10786.8211
320.0 35.0 0.0054 10783.7257
337.0 30.0 0.0055 10783.6001
362.0 38.0 0.0055 10783.3578
387.0 37.0 0.0050 10784.9135
403.0 28.0 0.0048 10785.5530
436.0 28.0 0.0043 10787.0551
467.0 33.0 0.0039 10788.3975
477.0 45.0 0.0044 10786.8572
16.0 64.0 0.0045 10786.5934
45.0 68.0 0.0040 10787.9987
69.0 53.0 0.0047 10785.7572
81.0 62.0 0.0144 10756.8453
122.0 55.0 0.0049 10785.2177
147.0 58.0 0.0054 10783.8922
157.0 59.0 0.0053 10784.0195
192.0 62.0 0.0135 10759.3943
205.0 71.0 0.0053 10784.1646
240.0 68.0 0.0048 10785.6120
269.0 65.0 0.0051 10784.7983
289.0 62.0 0.0043 10786.9924
303.0 55.0 0.0050 10784.9021
342.0 64.0 0.0144 10756.8467
363.0 67.0 0.0051 10784.7368
379.0 62.0 0.0045 10786.5164
408.0 61.0 0.0199 10740.2884
445.0 63.0 0.0054 10783.7912
457.0 57.0 0.0055 10783.5765
488.0 54.0 0.0044 10786.9406
21.0 86.0 0.0048 10785.7297
38.0 83.0 0.0053 10784.1102
62.0 81.0 0.0047 10785.9300
93.0 80.0 0.0198 10740.6387
108.0 88.0 0.0050 10785.0667
131.0 87.0 0.0321 10703.8163
156.0 96.0 0.0211 10736.8178
192.0 84.0 0.0052 10784.4052
206.0 81.0 0.0304 10708.8208
247.0 92.0 0.0229 10731.3371
266.0 82.0 0.0043 10787.1213
289.0 86.0 0.0143 10757.2409
306.0 87.0 0.0046 10786.2031
328.0 88.0 0.0121 10763.7556
364.0 91.0 0.0138 10758.7498
390.0 88.0 0.0220 10734.1009
407.0 78.0 0.0315 10705.4823
441.0 81.0 0.0047 10785.8127
471.0 88.0 0.0048 10785.6787
490.0 85.0 0.0048 10785.7139
18.0 121.0 0.0043 10787.1865
36.0 107.0 0.0050 10785.0007
58.0 103.0 0.0144 10756.9348
81.0 106.0 0.0241 10727.7038
119.0 121.0 0.0139 10758.4466
128.0 116.0 0.0128 10761.6550
154.0 113.0 0.0194 10741.7428
191.0 108.0 0.0240 10728.0559
216.0 112.0 0.0334 10699.9340
227.0 103.0 0.0044 10786.8246
254.0 121.0 0.0243 10727.1239
296.0 104.0 0.0281 10715.7100
319.0 117.0 0.0346 10696.1560
341.0 104.0 0.0153 10754.1530
365.0 102.0 0.0208 10737.7345
382.0 106.0 0.0138 10758.6406
403.0 118.0 0.0054 10783.8550
437.0 103.0 0.0049 10785.4466
471.0 112.0 0.0050 10784.9532
481.0 113.0 0.0050 10785.1340
9.0 127.0 0.0048 10785.6040
44.0 128.0 0.0037 10789.0373
62.0 145.0 0.0048 10785.5418
96.0 129.0 0.0209 10737.1930
112.0 146.0 0.0126 10762.2337
143.0 132.0 0.0485 10654.5518
160.0 145.0 0.0384 10684.8936
193.0 141.0 0.0489 10653.4037
208.0 140.0 0.0044 10786.7722
231.0 141.0 0.0269 10719.1810
262.0 131.0 0.0221 10733.7932
284.0 131.0 0.0209 10737.3661
311.0 140.0 0.0129 10761.2798
337.0 132.0 0.0484 10654.6647
368.0 127.0 0.0380 10686.0198
387.0 132.0 0.0127 10761.8845
419.0 130.0 0.0135 10759.6142
440.0 147.0 0.0054 10783.8812
457.0 128.0 0.0050 10785.1050
482.0 128.0 0.0054 10783.7805
5.0 167.0 0.0054 10783.7751
37.0 166.0 0.0048 10785.6199
59.0 160.0 0.0046 10786.0826
85.0 159.0 0.0233 10730.0602
107.0 159.0 0.0211 10736.7948
131.0 169.0 0.0056 10783.2836
159.0 157.0 0.0141 10757.5512
187.0 172.0 0.1257 10422.7974
217.0 154.0 0.0140 10758.1223
235.0 156.0 0.0541 10637.7325
265.0 157.0 0.0147 10755.8605
281.0 171.0 0.1121 10463.7798
316.0 157.0 0.0781 10565.5964
328.0 165.0 0.0122 10763.3380
353.0 160.0 0.0310 10706.8985
385.0 168.0 0.0216 10735.2864
411.0 157.0 0.0135 10759.3546
428.0 161.0 0.0133 10759.9680
466.0 167.0 0.0050 10785.1331
483.0 171.0 0.0054 10783.9162
19.0 179.0 0.0047 10785.9508
42.0 179.0 0.0051 10784.7816
53.0 196.0 0.0045 10786.3939
93.0 182.0 0.0119 10764.1894
112.0 195.0 0.0049 10785.4052
133.0 188.0 0.0217 10734.8636
165.0 178.0 0.0301 10709.7233
179.0 177.0 0.0045 10786.5166
213.0 181.0 0.0539 10638.2495
241.0 182.0 0.0355 10693.4653
258.0 191.0 0.0327 10701.8754
283.0 197.0 0.0806 10558.1892
311.0 186.0 0.0776 10567.0765
343.0 196.0 0.0577 10626.8433
371.0 195.0 0.0332 10700.2916
385.0 192.0 0.0139 10758.2124
421.0 193.0 0.0124 10762.6942
435.0 183.0 0.0046 10786.2911
456.0 188.0 0.0050 10785.1438
482.0 182.0 0.0048 10785.6996
19.0 211.0 0.0047 10785.8913
45.0 205.0 0.0051 10784.6967
62.0 212.0 0.0047 10785.8469
89.0 208.0 0.0149 10755.1777
110.0 211.0 0.0141 10757.6885
132.0 219.0 0.0230 10730.8664
157.0 211.0 0.0471 10658.8027
193.0 213.0 0.0517 10644.9685
218.0 219.0 0.0168 10749.5993
237.0 208.0 0.1199 10440.3791
261.0 204.0 0.1192 10442.5435
295.0 220.0 0.0316 10705.3436
304.0 217.0 0.0190 10742.8698
330.0 212.0 0.0050 10784.8695
364.0 209.0 0.0212 10736.3624
377.0 213.0 0.0227 10731.9040
403.0 208.0 0.0214 10735.9008
444.0 207.0 0.0048 10785.5302
453.0 206.0 0.0051 10784.7381
497.0 218.0 0.0046 10786.0555
9.0 230.0 0.0046 10786.3485
37.0 234.0 0.0044 10786.8250
62.0 229.0 0.0049 10785.2584
88.0 247.0 0.0297 10710.7700
112.0 234.0 0.0408 10677.4966
142.0 238.0 0.0206 10738.0990
167.0 244.0 0.0666 10600.1553
197.0 230.0 0.0478 10656.7495
206.0 246.0 0.0026 10792.1581
235.0 231.0 0.2236 10129.2838
255.0 246.0 0.0141 10757.8117
294.0 232.0 0.0740 10578.1034
318.0 244.0 0.0185 10744.4401
335.0 246.0 0.0666 10600.0609
366.0 227.0 0.0308 10707.6433
393.0 239.0 0.0119 10764.2510
409.0 247.0 0.0122 10763.3162
442.0 234.0 0.0052 10784.3760
460.0 229.0 0.0046 10786.3004
482.0 243.0 0.0051 10784.5947
22.0 254.0 0.0047 10785.7717
44.0 268.0 0.0043 10787.1934
68.0 253.0 0.0047 10785.7610
88.0 255.0 0.0044 10786.8201
107.0 270.0 0.0215 10735.4008
146.0 270.0 0.0233 10730.2396
160.0 269.0 0.0610 10617.0298
197.0 252.0 0.0603 10618.9821
212.0 253.0 0.0558 10632.7397
233.0 266.0 0.2025 10192.6472
263.0 264.0 0.0654 10603.6877
290.0 262.0 0.0963 10511.0229
316.0 270.0 0.0039 10788.2538
338.0 267.0 0.0347 10695.8548
360.0 260.0 0.0202 10739.3940
388.0 270.0 0.0388 10683.6028
421.0 260.0 0.0137 10758.8607
447.0 258.0 0.0048 10785.5662
461.0 260.0 0.0042 10787.5269
477.0 268.0 0.0052 10784.5183
10.0 291.0 0.0049 10785.1953
42.0 287.0 0.0049 10785.3400
65.0 293.0 0.0045 10786.3625
89.0 296.0 0.0199 10740.2589
109.0 284.0 0.0049 10785.2046
139.0 291.0 0.0132 10760.3474
162.0 291.0 0.0547 10635.9044
188.0 290.0 0.1526 10342.1951
205.0 286.0 0.0037 10789.0496
234.0 296.0 0.1425 10372.6064
264.0 278.0 0.0534 10639.7858
287.0 280.0 0.1369 10389.2912
308.0 284.0 0.1646 10306.1062
346.0 288.0 0.0522 10643.5142
353.0 279.0 0.0051 10784.5782
389.0 289.0 0.0135 10759.4584
415.0 291.0 0.0139 10758.1515
431.0 289.0 0.0053 10784.0084
467.0 278.0 0.0044 10786.7505
482.0 294.0 0.0050 10784.9544
4.0 318.0 0.0046 10786.2562
28.0 306.0 0.0047 10785.9084
58.0 316.0 0.0047 10785.7668
95.0 319.0 0.0135 10759.4448
117.0 308.0 0.0115 10765.5053
132.0 312.0 0.0241 10727.7693
162.0 312.0 0.0050 10785.0712
178.0 321.0 0.0125 10762.3830
202.0 307.0 0.0120 10763.8638
237.0 310.0 0.0182 10745.5165
252.0 304.0 0.0394 10681.7626
283.0 313.0 0.0361 10691.6527
303.0 317.0 0.0941 10517.7832
328.0 320.0 0.0051 10784.8207
361.0 320.0 0.1030 10491.0089
391.0 312.0 0.0505 10648.4637
416.0 308.0 0.0051 10784.7994
446.0 313.0 0.0043 10787.0387
454.0 311.0 0.0047 10786.0051
479.0 319.0 0.0049 10785.2481
15.0 336.0 0.0047 10785.8469
34.0 340.0 0.0050 10785.0729
59.0 337.0 0.0049 10785.3655
81.0 330.0 0.0245 10726.5953
113.0 342.0 0.0144 10756.6962
128.0 346.0 0.0139 10758.4025
159.0 335.0 0.0586 10624.3106
192.0 329.0 0.0466 10660.2986
220.0 339.0 0.0141 10757.6319
239.0 333.0 0.0646 10606.3227
269.0 334.0 0.0592 10622.5025
293.0 327.0 0.0051 10784.8197
318.0 332.0 0.0050 10784.8718
343.0 346.0 0.0601 10619.7993
372.0 346.0 0.0228 10731.4774
380.0 340.0 0.0127 10761.9483
408.0 331.0 0.0127 10761.9558
437.0 328.0 0.0044 10786.9053
456.0 334.0 0.0046 10786.1371
486.0 342.0 0.0055 10783.5148
16.0 371.0 0.0047 10785.9094
34.0 358.0 0.0047 10785.7897
61.0 363.0 0.0050 10785.0824
96.0 358.0 0.0053 10784.1069
118.0 364.0 0.0230 10731.1335
137.0 359.0 0.0239 10728.3145
156.0 368.0 0.0586 10624.2145
190.0 366.0 0.0480 10655.9889
219.0 365.0 0.0281 10715.8273
241.0 354.0 0.0415 10675.6199
259.0 359.0 0.0133 10760.1409
292.0 358.0 0.0401 10679.5732
317.0 371.0 0.0308 10707.5772
329.0 369.0 0.0049 10785.1554
364.0 358.0 0.0043 10787.0183
384.0 360.0 0.0137 10758.8212
419.0 355.0 0.0191 10742.5930
441.0 365.0 0.0038 10788.4539
465.0 362.0 0.0059 10782.4303
493.0 357.0 0.0050 10784.9960
22.0 387.0 0.0044 10786.9093
30.0 380.0 0.0053 10784.0975
54.0 389.0 0.0052 10784.3719
96.0 384.0 0.0213 10736.0302
110.0 389.0 0.0215 10735.5655
137.0 394.0 0.0050 10785.0060
153.0 380.0 0.0049 10785.4446
189.0 379.0 0.0131 10760.6353
213.0 385.0 0.0237 10728.8162
242.0 385.0 0.0247 10726.0176
256.0 389.0 0.0147 10755.9561
297.0 391.0 0.0045 10786.6445
322.0 385.0 0.0221 10733.6543
346.0 384.0 0.0307 10707.8892
353.0 388.0 0.0229 10731.1655
396.0 379.0 0.0204 10738.8866
408.0 388.0 0.0231 10730.8179
434.0 381.0 0.0132 10760.3180
455.0 381.0 0.0046 10786.1681
494.0 380.0 0.0045 10786.6350
20.0 410.0 0.0043 10787.0363
44.0 412.0 0.0054 10783.7854
70.0 417.0 0.0152 10754.3564
79.0 407.0 0.0229 10731.1694
103.0 417.0 0.0121 10763.6510
146.0 407.0 0.0141 10757.6745
162.0 408.0 0.0321 10703.7234
183.0 406.0 0.0046 10786.2321
205.0 408.0 0.0391 10682.5852
239.0 417.0 0.0042 10787.4135
260.0 417.0 0.0048 10785.5535
288.0 410.0 0.0301 10709.8133
320.0 408.0 0.0150 10755.0944
344.0 421.0 0.0220 10733.9107
366.0 419.0 0.0208 10737.5443
382.0 410.0 0.0041 10787.6418
413.0 411.0 0.0122 10763.4179
441.0 409.0 0.0045 10786.4106
468.0 416.0 0.0051 10784.6576
487.0 407.0 0.0046 10786.2420
8.0 442.0 0.0041 10787.7877
37.0 431.0 0.0051 10784.8112
55.0 442.0 0.0047 10785.9158
78.0 440.0 0.0048 10785.4953
120.0 429.0 0.0048 10785.5811
127.0 428.0 0.0233 10730.2411
162.0 435.0 0.0122 10763.3029
197.0 429.0 0.0049 10785.3288
222.0 437.0 0.0048 10785.5450
244.0 439.0 0.0049 10785.2703
260.0 445.0 0.0049 10785.1732
278.0 431.0 0.0052 10784.5045
302.0 440.0 0.0049 10785.1964
341.0 437.0 0.0039 10788.3200
362.0 430.0 0.0140 10757.9909
387.0 439.0 0.0137 10758.8073
407.0 445.0 0.0145 10756.5136
436.0 444.0 0.0043 10787.0533
470.0 431.0 0.0045 10786.6124
480.0 442.0 0.0058 10782.5743
20.0 457.0 0.0049 10785.3733
47.0 467.0 0.0051 10784.7911
60.0 465.0 0.0054 10783.8487
96.0 469.0 0.0051 10784.5778
110.0 461.0 0.0044 10786.7536
141.0 456.0 0.0055 10783.6160
160.0 457.0 0.0053 10784.0335
184.0 464.0 0.0047 10785.9366
206.0 454.0 0.0052 10784.4925
242.0 469.0 0.0049 10785.3399
271.0 465.0 0.0052 10784.3805
289.0 471.0 0.0054 10783.7529
314.0 458.0 0.0048 10785.6108
330.0 454.0 0.0047 10785.9645
365.0 465.0 0.0047 10785.8844
390.0 468.0 0.0051 10784.7384
411.0 456.0 0.0057 10783.0355
428.0 464.0 0.0041 10787.6093
457.0 465.0 0.0048 10785.6531
481.0 460.0 0.0047 10785.8586
14.0 480.0 0.0050 10785.0866
42.0 482.0 0.0051 10784.6787
70.0 483.0 0.0046 10786.2457
87.0 482.0 0.0050 10784.9452
112.0 490.0 0.0056 10783.2595
127.0 484.0 0.0050 10784.8787
172.0 477.0 0.0039 10788.1952
183.0 487.0 0.0048 10785.5548
205.0 496.0 0.0047 10785.8220
228.0 491.0 0.0053 10783.9559
266.0 484.0 0.0046 10786.2781
293.0 483.0 0.0041 10787.7409
313.0 489.0 0.0049 10785.4286
343.0 487.0 0.0048 10785.7348
363.0 493.0 0.0041 10787.8100
394.0 491.0 0.0053 10784.0288
415.0 493.0 0.0052 10784.4774
428.0 489.0 0.0052 10784.4706
456.0 491.0 0.0051 10784.7927
485.0 483.0 0.0053 10784.1145
