17.0 11.0 0.0046 10786.3381
31.0 18.0 0.0042 10787.5048
60.0 2.0 0.0039 10788.3620
79.0 4.0 0.0052 10784.4477
118.0 9.0 0.0050 10784.9760
142.0 17.0 0.0048 10785.6922
154.0 7.0 0.0046 10786.0522
177.0 2.0 0.0040 10787.8803
222.0 3.0 0.0045 10786.5994
247.0 13.0 0.0054 10783.6520
254.0 3.0 0.0044 10786.6755
292.0 16.0 0.0047 10786.0274
316.0 9.0 0.0054 10783.7847
348.0 19.0 0.0047 10785.9518
360.0 6.0 0.0040 10788.0093
383.0 16.0 0.0042 10787.2734
418.0 19.0 0.0046 10786.1148
446.0 10.0 0.0046 10786.1177
462.0 14.0 0.0045 10786.4598
486.0 21.0 0.0042 10787.5189
1.0 39.0 0.0046 10786.1380
44.0 27.0 0.0053 10784.0417
56.0 29.0 0.0050 10784.9695
93.0 42.0 0.0149 10755.2382
117.0 41.0 0.0038 10788.4554
146.0 32.0 0.0044 10786.8042
153.0 42.0 0.0050 10784.8513
183.0 40.0 0.0043 10787.1861
202.0 27.0 0.0051 10784.6141
235.0 46.0 0.0040 10788.0472
254.0 40.0 0.0046 10786.3118
296.0 46.0 0.0051 10784.7863
310.0 28.0 0.0057 10783.0317
337.0 46.0 0.0046 10786.2831
354.0 42.0 0.0047 10785.9552
389.0 37.0 0.0058 10782.5620
403.0 27.0 0.0044 10786.8328
428.0 33.0 0.0048 10785.6369
470.0 28.0 0.0043 10787.0522
479.0 39.0 0.0048 10785.7377
1.0 72.0 0.0041 10787.7841
37.0 58.0 0.0047 10785.8808
68.0 54.0 0.0047 10786.0409
91.0 65.0 0.0227 10731.8788
103.0 54.0 0.0041 10787.6226
137.0 70.0 0.0138 10758.5360
162.0 65.0 0.0042 10787.4540
186.0 70.0 0.0048 10785.4692
204.0 53.0 0.0053 10784.0448
242.0 66.0 0.0041 10787.6789
256.0 58.0 0.0050 10785.0011
288.0 52.0 0.0055 10783.5604
316.0 56.0 0.0054 10783.6815
340.0 70.0 0.0051 10784.7410
363.0 68.0 0.0042 10787.3118
381.0 56.0 0.0046 10786.2517
418.0 61.0 0.0128 10761.7072
439.0 62.0 0.0045 10786.3642
460.0 69.0 0.0054 10783.8211
483.0 68.0 0.0038 10788.6633
6.0 93.0 0.0046 10786.1965
39.0 84.0 0.0050 10784.8795
73.0 82.0 0.0131 10760.5641
88.0 98.0 0.0053 10784.2458
121.0 81.0 0.0144 10756.7154
147.0 97.0 0.0045 10786.4005
170.0 79.0 0.0324 10702.7680
192.0 94.0 0.0143 10757.2100
218.0 97.0 0.0048 10785.4536
236.0 81.0 0.0233 10730.1207
273.0 97.0 0.0215 10735.3775
289.0 97.0 0.0052 10784.5262
315.0 95.0 0.0244 10726.6602
345.0 77.0 0.0310 10707.1108
357.0 76.0 0.0231 10730.7619
392.0 90.0 0.0053 10784.1823
409.0 84.0 0.0399 10680.3752
428.0 97.0 0.0048 10785.6303
461.0 95.0 0.0050 10785.0652
482.0 82.0 0.0037 10788.8929
8.0 117.0 0.0045 10786.3614
45.0 110.0 0.0052 10784.2790
58.0 114.0 0.0148 10755.4911
89.0 103.0 0.0144 10756.8975
118.0 122.0 0.0149 10755.4022
127.0 115.0 0.0123 10763.2206
158.0 104.0 0.0483 10655.0981
194.0 110.0 0.0130 10761.1341
218.0 107.0 0.0242 10727.3789
240.0 118.0 0.0049 10785.3145
254.0 121.0 0.0486 10654.0516
297.0 112.0 0.0243 10727.2428
306.0 106.0 0.0137 10758.8068
343.0 114.0 0.0149 10755.3227
367.0 122.0 0.0239 10728.1940
387.0 120.0 0.0246 10726.3435
423.0 112.0 0.0196 10741.2913
440.0 118.0 0.0048 10785.6211
452.0 114.0 0.0051 10784.7405
488.0 123.0 0.0051 10784.7723
11.0 138.0 0.0054 10783.8609
32.0 146.0 0.0039 10788.1982
64.0 140.0 0.0041 10787.8449
77.0 138.0 0.0204 10738.8991
104.0 147.0 0.0048 10785.5694
128.0 144.0 0.0577 10626.9744
165.0 142.0 0.0327 10701.7662
189.0 134.0 0.0497 10650.8361
211.0 144.0 0.0045 10786.5991
233.0 140.0 0.0449 10665.1539
257.0 142.0 0.0200 10739.9984
281.0 141.0 0.0134 10759.6935
304.0 146.0 0.0711 10586.7981
330.0 139.0 0.0140 10757.9776
368.0 138.0 0.0221 10733.8426
381.0 131.0 0.0137 10759.0469
406.0 143.0 0.0246 10726.2922
436.0 128.0 0.0047 10786.0388
456.0 131.0 0.0053 10784.1128
491.0 133.0 0.0050 10784.8649
12.0 166.0 0.0051 10784.6498
43.0 170.0 0.0047 10785.7701
69.0 171.0 0.0144 10756.9497
95.0 168.0 0.0146 10756.0972
105.0 165.0 0.0136 10759.2875
128.0 170.0 0.0349 10695.1620
165.0 160.0 0.0044 10786.7906
182.0 169.0 0.0277 10716.8808
215.0 168.0 0.0866 10540.1032
237.0 159.0 0.0048 10785.6336
260.0 173.0 0.0649 10605.1670
279.0 162.0 0.0046 10786.0610
314.0 172.0 0.0334 10699.8624
337.0 157.0 0.0133 10760.0540
371.0 163.0 0.1023 10493.0187
388.0 158.0 0.0053 10784.0846
422.0 154.0 0.0055 10783.6494
431.0 166.0 0.0055 10783.5148
471.0 161.0 0.0048 10785.7089
478.0 158.0 0.0056 10783.2712
17.0 184.0 0.0057 10783.0483
35.0 188.0 0.0046 10786.0529
53.0 197.0 0.0048 10785.5061
79.0 193.0 0.0040 10788.0493
119.0 185.0 0.0140 10757.8574
139.0 191.0 0.0294 10711.7280
169.0 196.0 0.0216 10735.2409
182.0 191.0 0.0299 10710.3803
216.0 176.0 0.0412 10676.4433
233.0 194.0 0.0262 10721.4794
257.0 187.0 0.0568 10629.7165
292.0 182.0 0.0297 10710.7675
307.0 195.0 0.0555 10633.6490
336.0 197.0 0.0336 10699.1192
364.0 198.0 0.0136 10759.2668
396.0 194.0 0.0310 10706.8618
407.0 183.0 0.0140 10758.0066
432.0 178.0 0.0046 10786.2817
453.0 195.0 0.0055 10783.5049
494.0 181.0 0.0050 10784.9124
4.0 219.0 0.0050 10785.0593
42.0 202.0 0.0054 10783.9182
68.0 205.0 0.0047 10785.8598
83.0 216.0 0.0140 10757.8884
109.0 207.0 0.0047 10785.7526
144.0 205.0 0.0046 10786.2686
152.0 202.0 0.0419 10674.3663
178.0 214.0 0.1234 10429.8856
219.0 211.0 0.1162 10451.2717
240.0 213.0 0.1400 10380.0793
258.0 204.0 0.1136 10459.0890
295.0 204.0 0.0941 10517.7783
319.0 201.0 0.0214 10735.7854
339.0 207.0 0.0552 10634.3150
360.0 217.0 0.0287 10713.9861
396.0 211.0 0.0051 10784.7898
423.0 211.0 0.0045 10786.4311
433.0 212.0 0.0048 10785.5705
463.0 205.0 0.0043 10787.2215
478.0 213.0 0.0048 10785.6156
14.0 240.0 0.0048 10785.6914
40.0 230.0 0.0052 10784.3859
51.0 234.0 0.0046 10786.2291
82.0 244.0 0.0397 10680.8378
123.0 241.0 0.0138 10758.4734
126.0 244.0 0.0418 10674.6735
164.0 238.0 0.0687 10593.7734
187.0 241.0 0.0263 10721.1886
206.0 226.0 0.0171 10748.7271
235.0 242.0 0.0819 10554.3051
252.0 236.0 0.0629 10611.4384
295.0 240.0 0.0453 10664.1200
307.0 246.0 0.0812 10556.3214
327.0 233.0 0.0477 10656.8394
357.0 238.0 0.0220 10733.9178
396.0 246.0 0.0312 10706.3453
411.0 232.0 0.0046 10786.0621
438.0 226.0 0.0049 10785.2517
462.0 228.0 0.0044 10786.9310
476.0 237.0 0.0045 10786.5902
1.0 273.0 0.0047 10785.8617
42.0 272.0 0.0051 10784.5673
61.0 265.0 0.0053 10784.2023
96.0 259.0 0.0141 10757.6624
123.0 258.0 0.0052 10784.5122
148.0 258.0 0.0151 10754.7690
154.0 270.0 0.0397 10680.7645
189.0 265.0 0.0335 10699.4418
208.0 273.0 0.1479 10356.3132
227.0 267.0 0.1192 10442.3250
268.0 266.0 0.1953 10213.9503
284.0 267.0 0.1686 10294.0625
321.0 252.0 0.0672 10598.2801
327.0 267.0 0.0140 10758.0235
353.0 263.0 0.0234 10729.7338
387.0 259.0 0.0209 10737.4254
416.0 267.0 0.0056 10783.2649
436.0 260.0 0.0046 10786.3411
471.0 253.0 0.0048 10785.5380
486.0 256.0 0.0046 10786.2114
11.0 296.0 0.0047 10785.8198
38.0 292.0 0.0039 10788.2577
72.0 298.0 0.0047 10785.8910
79.0 277.0 0.0117 10764.8206
110.0 295.0 0.0305 10708.5259
143.0 289.0 0.0239 10728.4115
160.0 293.0 0.0373 10688.0203
181.0 284.0 0.0877 10536.8959
213.0 282.0 0.0032 10790.2708
242.0 290.0 0.1015 10495.3573
258.0 292.0 0.0105 10768.4044
281.0 283.0 0.0028 10791.7092
319.0 290.0 0.0043 10787.0030
330.0 281.0 0.0704 10588.9333
354.0 292.0 0.0316 10705.1642
377.0 286.0 0.0310 10707.1240
407.0 278.0 0.0423 10672.9611
431.0 279.0 0.0049 10785.1673
455.0 276.0 0.0044 10786.8924
479.0 285.0 0.0041 10787.7204
13.0 320.0 0.0040 10787.8986
29.0 306.0 0.0044 10786.8694
64.0 313.0 0.0046 10786.1977
83.0 318.0 0.0051 10784.8403
105.0 308.0 0.0213 10736.1426
138.0 304.0 0.0201 10739.6485
163.0 306.0 0.0043 10786.9623
189.0 317.0 0.0242 10727.4993
213.0 304.0 0.0644 10606.8476
230.0 322.0 0.0374 10687.8446
270.0 317.0 0.1078 10476.5884
291.0 311.0 0.0865 10540.5766
312.0 322.0 0.0441 10667.7233
337.0 316.0 0.0421 10673.8166
354.0 307.0 0.0053 10784.1760
379.0 306.0 0.0124 10762.8560
412.0 304.0 0.0328 10701.5541
429.0 320.0 0.0205 10738.4545
455.0 303.0 0.0048 10785.5790
477.0 316.0 0.0043 10787.0225
21.0 327.0 0.0049 10785.4473
38.0 344.0 0.0048 10785.7034
71.0 326.0 0.0051 10784.5652
88.0 344.0 0.0333 10700.0078
113.0 339.0 0.0419 10674.1611
137.0 328.0 0.0419 10674.2155
156.0 331.0 0.0298 10710.6107
198.0 335.0 0.0713 10586.0208
213.0 328.0 0.0046 10786.1523
227.0 330.0 0.0481 10655.8487
257.0 346.0 0.0381 10685.6104
280.0 327.0 0.0047 10786.0418
302.0 347.0 0.0690 10593.0932
342.0 335.0 0.0706 10588.1457
363.0 342.0 0.0387 10683.9505
397.0 337.0 0.0243 10727.0900
421.0 345.0 0.0059 10782.3840
444.0 329.0 0.0046 10786.3037
471.0 327.0 0.0046 10786.1576
477.0 341.0 0.0046 10786.1854
4.0 366.0 0.0054 10783.7983
42.0 371.0 0.0054 10783.6953
67.0 352.0 0.0133 10760.1384
96.0 370.0 0.0124 10762.8257
120.0 353.0 0.0137 10758.7679
138.0 352.0 0.0236 10729.0915
165.0 351.0 0.0245 10726.4204
193.0 354.0 0.0483 10654.9739
215.0 370.0 0.0219 10734.2915
248.0 364.0 0.0038 10788.5629
253.0 362.0 0.0284 10714.8184
276.0 370.0 0.0046 10786.0880
304.0 351.0 0.0138 10758.5821
334.0 365.0 0.0217 10734.8512
365.0 353.0 0.0051 10784.7245
380.0 372.0 0.0145 10756.4585
404.0 370.0 0.0053 10784.1216
443.0 359.0 0.0044 10786.6664
459.0 359.0 0.0045 10786.4502
480.0 354.0 0.0046 10786.1301
12.0 379.0 0.0045 10786.6069
45.0 390.0 0.0049 10785.2811
72.0 387.0 0.0054 10783.8714
80.0 396.0 0.0223 10733.0986
109.0 393.0 0.0045 10786.6038
135.0 397.0 0.0711 10586.7373
167.0 383.0 0.0048 10785.5334
189.0 388.0 0.0318 10704.4780
221.0 383.0 0.0044 10786.8862
246.0 391.0 0.0307 10707.9189
262.0 378.0 0.0054 10783.6658
286.0 395.0 0.0470 10659.0456
320.0 396.0 0.0335 10699.4270
346.0 392.0 0.0046 10786.3348
359.0 382.0 0.0122 10763.4052
386.0 386.0 0.0137 10758.9112
409.0 387.0 0.0214 10735.7887
426.0 394.0 0.0228 10731.4695
473.0 386.0 0.0042 10787.3078
477.0 387.0 0.0047 10785.9899
11.0 406.0 0.0042 10787.4891
42.0 415.0 0.0051 10784.6822
63.0 416.0 0.0054 10783.7745
79.0 420.0 0.0239 10728.3941
118.0 414.0 0.0047 10785.8710
136.0 411.0 0.0130 10761.0348
156.0 416.0 0.0127 10762.0284
190.0 403.0 0.0128 10761.5595
205.0 415.0 0.0230 10731.0419
241.0 423.0 0.0039 10788.3229
251.0 407.0 0.0236 10729.2371
284.0 421.0 0.0130 10761.1300
312.0 421.0 0.0122 10763.3114
347.0 421.0 0.0328 10701.5251
362.0 421.0 0.0055 10783.4866
383.0 404.0 0.0215 10735.3922
414.0 410.0 0.0045 10786.5525
440.0 416.0 0.0157 10752.9550
453.0 421.0 0.0057 10783.0443
484.0 419.0 0.0043 10786.9997
13.0 448.0 0.0044 10786.7828
37.0 432.0 0.0052 10784.5198
73.0 447.0 0.0049 10785.2528
82.0 443.0 0.0121 10763.8203
105.0 432.0 0.0140 10757.8764
131.0 434.0 0.0053 10784.1716
170.0 426.0 0.0044 10786.9301
180.0 444.0 0.0046 10786.3332
206.0 438.0 0.0052 10784.3192
229.0 444.0 0.0049 10785.1908
271.0 440.0 0.0045 10786.3560
278.0 431.0 0.0053 10784.0408
303.0 440.0 0.0055 10783.5255
328.0 427.0 0.0047 10785.7986
361.0 438.0 0.0129 10761.2796
388.0 442.0 0.0134 10759.7649
415.0 435.0 0.0044 10786.7784
442.0 441.0 0.0044 10786.6514
460.0 442.0 0.0052 10784.5090
497.0 435.0 0.0050 10784.9021
15.0 467.0 0.0050 10784.9417
42.0 466.0 0.0044 10786.8863
71.0 453.0 0.0051 10784.8323
88.0 458.0 0.0042 10787.4961
112.0 469.0 0.0045 10786.5016
140.0 453.0 0.0048 10785.6303
165.0 457.0 0.0041 10787.5956
177.0 467.0 0.0044 10786.7479
205.0 458.0 0.0050 10785.0775
245.0 470.0 0.0046 10786.3297
266.0 472.0 0.0051 10784.7378
294.0 468.0 0.0044 10786.9464
320.0 461.0 0.0040 10787.9743
334.0 470.0 0.0051 10784.6667
353.0 454.0 0.0052 10784.3029
379.0 462.0 0.0051 10784.5745
421.0 470.0 0.0056 10783.3276
448.0 461.0 0.0047 10785.7796
463.0 456.0 0.0048 10785.5482
493.0 451.0 0.0050 10784.9661
12.0 493.0 0.0051 10784.7232
26.0 482.0 0.0045 10786.4825
53.0 484.0 0.0042 10787.3022
93.0 481.0 0.0045 10786.3712
115.0 496.0 0.0056 10783.1653
138.0 485.0 0.0054 10783.8541
164.0 488.0 0.0048 10785.7305
177.0 498.0 0.0052 10784.3869
221.0 496.0 0.0044 10786.9068
232.0 482.0 0.0047 10785.8061
272.0 477.0 0.0056 10783.1350
292.0 485.0 0.0051 10784.7994
322.0 476.0 0.0053 10784.0050
335.0 494.0 0.0053 10784.0319
367.0 480.0 0.0044 10786.6991
393.0 495.0 0.0054 10783.7815
403.0 480.0 0.0046 10786.1990
436.0 477.0 0.0048 10785.4734
467.0 485.0 0.0055 10783.5199
484.0 486.0 0.0050 10784.9920
