10.0 7.0 0.0046 10786.3149
34.0 7.0 0.0043 10787.2170
61.0 15.0 0.0051 10784.5999
99.0 11.0 0.0049 10785.2465
114.0 17.0 0.0053 10784.0978
137.0 21.0 0.0050 10785.1356
172.0 20.0 0.0054 10783.8598
189.0 16.0 0.0040 10788.0569
222.0 13.0 0.0049 10785.3900
240.0 7.0 0.0049 10785.2109
273.0 18.0 0.0046 10786.3052
293.0 15.0 0.0049 10785.1554
319.0 13.0 0.0058 10782.5720
346.0 14.0 0.0053 10784.0609
359.0 11.0 0.0049 10785.2540
393.0 16.0 0.0046 10786.3282
404.0 20.0 0.0044 10786.8862
447.0 16.0 0.0049 10785.3488
468.0 14.0 0.0046 10786.3077
491.0 0.0 0.0048 10785.5681
11.0 47.0 0.0042 10787.5377
32.0 32.0 0.0056 10783.3376
64.0 30.0 0.0048 10785.5453
80.0 42.0 0.0055 10783.5602
103.0 44.0 0.0041 10787.6457
132.0 35.0 0.0049 10785.3064
153.0 32.0 0.0045 10786.5973
184.0 30.0 0.0050 10785.1098
214.0 44.0 0.0058 10782.4587
246.0 45.0 0.0048 10785.6835
265.0 46.0 0.0053 10784.0609
283.0 38.0 0.0047 10785.9897
303.0 47.0 0.0058 10782.4654
341.0 41.0 0.0052 10784.3538
368.0 30.0 0.0048 10785.4821
395.0 49.0 0.0053 10784.0126
416.0 47.0 0.0223 10733.0115
432.0 42.0 0.0050 10785.0341
458.0 40.0 0.0045 10786.5990
498.0 38.0 0.0047 10785.8812
8.0 51.0 0.0044 10786.7301
33.0 52.0 0.0046 10786.1759
59.0 73.0 0.0122 10763.4682
91.0 60.0 0.0134 10759.6770
107.0 73.0 0.0048 10785.6940
149.0 53.0 0.0053 10784.2487
154.0 72.0 0.0046 10786.3357
182.0 70.0 0.0048 10785.5700
224.0 72.0 0.0053 10784.0961
226.0 59.0 0.0041 10787.6061
250.0 73.0 0.0045 10786.5150
275.0 74.0 0.0045 10786.4666
315.0 53.0 0.0048 10785.5033
341.0 60.0 0.0053 10784.0837
373.0 61.0 0.0131 10760.7556
386.0 69.0 0.0048 10785.5592
422.0 51.0 0.0056 10783.2419
437.0 69.0 0.0043 10787.1379
455.0 62.0 0.0054 10783.8337
488.0 60.0 0.0040 10787.8692
24.0 93.0 0.0043 10787.2467
48.0 93.0 0.0042 10787.2647
74.0 90.0 0.0207 10737.8953
93.0 98.0 0.0241 10727.5590
110.0 96.0 0.0235 10729.5644
141.0 84.0 0.0143 10757.2496
162.0 98.0 0.0111 10766.6400
175.0 75.0 0.0055 10783.5849
202.0 83.0 0.0324 10702.8238
232.0 79.0 0.0228 10731.5198
269.0 98.0 0.0039 10788.3248
275.0 80.0 0.0240 10727.9074
316.0 87.0 0.0138 10758.5971
325.0 98.0 0.0051 10784.8333
357.0 84.0 0.0315 10705.3666
392.0 94.0 0.0129 10761.3310
420.0 88.0 0.0141 10757.5532
448.0 82.0 0.0039 10788.2238
450.0 82.0 0.0041 10787.5697
478.0 84.0 0.0048 10785.6914
16.0 117.0 0.0047 10785.9864
25.0 120.0 0.0047 10785.9489
52.0 114.0 0.0051 10784.6267
88.0 112.0 0.0049 10785.2908
118.0 121.0 0.0413 10676.0571
135.0 104.0 0.0133 10760.0501
152.0 100.0 0.0042 10787.3989
199.0 115.0 0.0132 10760.4472
218.0 119.0 0.0047 10785.7701
248.0 110.0 0.0140 10758.1318
272.0 100.0 0.0188 10743.6529
288.0 108.0 0.0046 10786.2993
316.0 115.0 0.0049 10785.3349
328.0 102.0 0.0438 10668.5275
351.0 104.0 0.0419 10674.3734
383.0 118.0 0.0052 10784.5426
401.0 118.0 0.0142 10757.3632
431.0 115.0 0.0132 10760.5377
454.0 123.0 0.0047 10786.0234
485.0 110.0 0.0053 10784.0165
9.0 129.0 0.0048 10785.5430
41.0 128.0 0.0045 10786.5698
58.0 128.0 0.0053 10783.9541
86.0 141.0 0.0126 10762.0645
108.0 130.0 0.0110 10767.0279
139.0 129.0 0.0586 10624.0797
160.0 139.0 0.0133 10760.0461
194.0 127.0 0.0127 10762.0370
206.0 133.0 0.0241 10727.6013
247.0 134.0 0.0281 10715.6478
258.0 149.0 0.0331 10700.5605
295.0 134.0 0.0342 10697.3455
320.0 125.0 0.0400 10679.9950
349.0 142.0 0.0235 10729.6203
358.0 136.0 0.0044 10786.6932
389.0 125.0 0.0310 10706.9450
400.0 132.0 0.0240 10728.1110
441.0 144.0 0.0053 10784.1230
467.0 144.0 0.0057 10782.9495
482.0 135.0 0.0052 10784.4965
16.0 150.0 0.0055 10783.6453
46.0 172.0 0.0044 10786.9353
53.0 171.0 0.0050 10784.8590
82.0 168.0 0.0213 10735.9941
121.0 173.0 0.0047 10785.8907
142.0 173.0 0.0412 10676.4809
162.0 169.0 0.1053 10484.1136
196.0 160.0 0.1010 10496.9073
207.0 150.0 0.0143 10757.2455
232.0 165.0 0.0683 10595.2371
266.0 166.0 0.1140 10457.9717
297.0 174.0 0.0797 10560.8275
315.0 157.0 0.0398 10680.6077
339.0 157.0 0.0187 10743.9493
361.0 166.0 0.0306 10708.0643
391.0 174.0 0.0141 10757.6234
402.0 170.0 0.0133 10760.1460
433.0 172.0 0.0052 10784.2894
463.0 160.0 0.0046 10786.0908
496.0 174.0 0.0055 10783.4635
9.0 177.0 0.0059 10782.3229
39.0 176.0 0.0046 10786.2193
58.0 184.0 0.0046 10786.1823
94.0 194.0 0.0209 10737.1770
122.0 190.0 0.0142 10757.3193
136.0 190.0 0.0145 10756.5317
153.0 176.0 0.0045 10786.5300
183.0 190.0 0.0055 10783.5225
200.0 191.0 0.0709 10587.2711
230.0 188.0 0.0505 10648.3762
254.0 196.0 0.0241 10727.7872
286.0 191.0 0.0195 10741.5050
307.0 196.0 0.0298 10710.5020
342.0 196.0 0.0807 10557.9383
351.0 190.0 0.0289 10713.3359
387.0 185.0 0.0241 10727.6114
419.0 183.0 0.0038 10788.5913
431.0 179.0 0.0048 10785.6254
459.0 190.0 0.0049 10785.4042
499.0 187.0 0.0052 10784.2616
12.0 221.0 0.0048 10785.5302
43.0 224.0 0.0048 10785.5947
63.0 220.0 0.0049 10785.3957
91.0 214.0 0.0138 10758.6416
114.0 212.0 0.0218 10734.7272
135.0 216.0 0.0217 10734.9126
168.0 224.0 0.0504 10648.8320
198.0 224.0 0.0033 10790.1116
214.0 218.0 0.0383 10685.0419
227.0 217.0 0.1143 10457.1995
252.0 211.0 0.0883 10535.1976
288.0 204.0 0.1128 10461.6845
303.0 212.0 0.0275 10717.6293
331.0 202.0 0.0224 10732.7984
358.0 223.0 0.0226 10732.3032
382.0 217.0 0.0135 10759.5422
414.0 213.0 0.0136 10759.3451
433.0 209.0 0.0045 10786.3655
472.0 205.0 0.0047 10785.8453
483.0 215.0 0.0043 10787.1397
5.0 242.0 0.0048 10785.4960
25.0 229.0 0.0049 10785.3854
50.0 235.0 0.0054 10783.8396
90.0 237.0 0.0239 10728.3370
106.0 244.0 0.0148 10755.5312
126.0 238.0 0.0225 10732.5634
159.0 241.0 0.0132 10760.5368
194.0 238.0 0.0547 10635.8152
210.0 233.0 0.0581 10625.6361
242.0 230.0 0.1004 10498.7756
257.0 235.0 0.0460 10662.0260
278.0 243.0 0.2071 10178.8233
309.0 247.0 0.0777 10566.7864
335.0 246.0 0.0222 10733.3289
365.0 233.0 0.0135 10759.5333
395.0 243.0 0.0218 10734.4503
409.0 248.0 0.0285 10714.4173
431.0 235.0 0.0142 10757.3435
454.0 247.0 0.0042 10787.3653
487.0 228.0 0.0045 10786.5867
12.0 265.0 0.0049 10785.4263
42.0 261.0 0.0050 10785.0490
65.0 270.0 0.0053 10784.2185
78.0 265.0 0.0047 10785.9211
115.0 250.0 0.0138 10758.4893
144.0 250.0 0.0133 10760.0151
173.0 267.0 0.0305 10708.3772
184.0 273.0 0.0661 10601.8176
201.0 261.0 0.0711 10586.6172
225.0 252.0 0.2060 10182.1113
252.0 253.0 0.0020 10793.9042
279.0 256.0 0.0270 10718.9773
318.0 262.0 0.0039 10788.2393
332.0 253.0 0.0832 10550.4776
357.0 274.0 0.0238 10728.6100
379.0 271.0 0.0401 10679.6812
418.0 257.0 0.0138 10758.5726
448.0 252.0 0.0047 10785.9370
450.0 271.0 0.0040 10787.9910
482.0 258.0 0.0051 10784.8331
18.0 294.0 0.0044 10786.9068
43.0 284.0 0.0044 10786.9363
74.0 290.0 0.0042 10787.2762
99.0 278.0 0.0216 10735.2330
100.0 286.0 0.0053 10783.9608
146.0 294.0 0.0725 10582.4155
152.0 276.0 0.0630 10610.8649
188.0 284.0 0.0120 10764.0000
207.0 280.0 0.0034 10789.8023
226.0 279.0 0.0358 10692.6526
257.0 286.0 0.0865 10540.3555
293.0 278.0 0.1453 10363.9523
321.0 293.0 0.0227 10731.8480
349.0 286.0 0.0665 10600.3968
374.0 295.0 0.0046 10786.1118
386.0 288.0 0.0053 10784.1618
420.0 292.0 0.0128 10761.7272
434.0 281.0 0.0053 10783.9770
463.0 292.0 0.0049 10785.3535
488.0 289.0 0.0053 10784.2097
3.0 315.0 0.0039 10788.2064
48.0 321.0 0.0036 10789.2939
50.0 312.0 0.0050 10784.9694
79.0 303.0 0.0381 10685.7635
114.0 308.0 0.0200 10740.0645
138.0 318.0 0.0649 10605.1547
156.0 320.0 0.0314 10705.7562
186.0 320.0 0.0999 10500.3010
216.0 314.0 0.0691 10592.8324
243.0 300.0 0.1093 10472.2180
253.0 312.0 0.0620 10613.8560
286.0 304.0 0.0499 10650.3792
307.0 312.0 0.0939 10518.1882
330.0 303.0 0.0483 10655.1417
350.0 321.0 0.0522 10643.4094
392.0 320.0 0.0251 10724.6392
415.0 318.0 0.0049 10785.2592
432.0 311.0 0.0130 10761.0292
455.0 311.0 0.0052 10784.3072
492.0 305.0 0.0049 10785.2782
6.0 343.0 0.0047 10786.0192
31.0 340.0 0.0050 10785.0729
74.0 331.0 0.0051 10784.5652
86.0 340.0 0.0045 10786.6264
119.0 325.0 0.0049 10785.3035
126.0 344.0 0.0050 10785.1170
170.0 338.0 0.0044 10786.7566
186.0 326.0 0.0138 10758.5273
209.0 349.0 0.0209 10737.3452
230.0 336.0 0.0778 10566.5867
272.0 347.0 0.0110 10767.1485
283.0 333.0 0.0514 10645.9008
301.0 343.0 0.0324 10702.8671
330.0 344.0 0.0554 10633.7893
362.0 344.0 0.0242 10727.4282
384.0 349.0 0.0143 10757.0743
407.0 335.0 0.0233 10730.1064
430.0 325.0 0.0147 10755.7945
472.0 338.0 0.0047 10785.8843
487.0 330.0 0.0048 10785.7434
16.0 367.0 0.0058 10782.6152
26.0 355.0 0.0043 10787.0059
69.0 355.0 0.0044 10786.8666
98.0 353.0 0.0207 10737.9317
100.0 364.0 0.0143 10756.9600
127.0 358.0 0.0373 10688.0653
150.0 368.0 0.0404 10678.6735
195.0 369.0 0.0049 10785.3290
206.0 373.0 0.0298 10710.4602
230.0 362.0 0.0042 10787.4826
260.0 355.0 0.0358 10692.4720
287.0 366.0 0.0138 10758.4520
310.0 370.0 0.0212 10736.5042
330.0 365.0 0.0198 10740.4947
371.0 370.0 0.0507 10647.8931
377.0 372.0 0.0047 10786.0190
423.0 353.0 0.0128 10761.6382
430.0 362.0 0.0050 10784.8919
456.0 367.0 0.0050 10785.0322
499.0 353.0 0.0043 10787.1266
21.0 397.0 0.0049 10785.4456
44.0 391.0 0.0053 10784.0177
72.0 379.0 0.0057 10782.9062
85.0 390.0 0.0314 10705.8733
104.0 387.0 0.0234 10729.8284
131.0 382.0 0.0048 10785.4723
150.0 384.0 0.0209 10737.2547
182.0 382.0 0.0212 10736.3951
217.0 375.0 0.0384 10684.7312
245.0 381.0 0.0134 10759.8990
273.0 378.0 0.0238 10728.5656
293.0 377.0 0.0204 10738.8692
305.0 377.0 0.0134 10759.6827
344.0 398.0 0.0235 10729.3680
364.0 388.0 0.0128 10761.5580
391.0 378.0 0.0039 10788.3620
413.0 378.0 0.0140 10758.0102
433.0 382.0 0.0142 10757.4428
471.0 394.0 0.0047 10785.8635
498.0 383.0 0.0053 10784.2055
5.0 419.0 0.0046 10786.1432
41.0 417.0 0.0052 10784.4453
65.0 414.0 0.0151 10754.8132
78.0 417.0 0.0229 10731.2271
105.0 416.0 0.0141 10757.7809
149.0 405.0 0.0051 10784.6158
158.0 400.0 0.0143 10757.1087
198.0 421.0 0.0117 10764.8414
222.0 418.0 0.0225 10732.3945
248.0 416.0 0.0390 10683.1374
271.0 423.0 0.0042 10787.5418
298.0 421.0 0.0146 10756.2776
315.0 400.0 0.0325 10702.5247
346.0 403.0 0.0040 10788.0575
373.0 417.0 0.0052 10784.4122
378.0 413.0 0.0401 10679.7796
408.0 409.0 0.0141 10757.8289
447.0 401.0 0.0050 10785.1053
461.0 405.0 0.0057 10782.8134
486.0 403.0 0.0043 10787.2006
19.0 437.0 0.0042 10787.4635
32.0 428.0 0.0050 10785.0976
54.0 434.0 0.0052 10784.3792
95.0 441.0 0.0051 10784.5999
109.0 442.0 0.0048 10785.7034
146.0 439.0 0.0230 10730.8711
159.0 430.0 0.0136 10759.1553
197.0 449.0 0.0042 10787.2968
219.0 433.0 0.0050 10784.8507
248.0 440.0 0.0050 10785.1077
271.0 437.0 0.0047 10785.8334
293.0 435.0 0.0052 10784.2639
301.0 442.0 0.0046 10786.2631
342.0 439.0 0.0044 10786.7759
373.0 432.0 0.0140 10758.0203
382.0 443.0 0.0044 10786.7572
405.0 443.0 0.0224 10732.6714
428.0 435.0 0.0050 10785.0811
464.0 443.0 0.0049 10785.1938
495.0 439.0 0.0052 10784.4242
8.0 474.0 0.0053 10784.2171
33.0 454.0 0.0045 10786.3592
66.0 458.0 0.0047 10785.7586
75.0 473.0 0.0043 10787.1906
103.0 458.0 0.0053 10784.0169
135.0 464.0 0.0048 10785.6315
155.0 470.0 0.0049 10785.3684
191.0 474.0 0.0045 10786.4825
209.0 458.0 0.0046 10786.2780
232.0 465.0 0.0050 10785.1344
273.0 465.0 0.0053 10783.9620
293.0 463.0 0.0053 10784.1430
307.0 465.0 0.0050 10784.9042
349.0 452.0 0.0049 10785.3790
370.0 473.0 0.0045 10786.6196
394.0 454.0 0.0050 10785.0490
420.0 455.0 0.0054 10783.8905
429.0 474.0 0.0043 10787.0929
452.0 467.0 0.0047 10785.7888
475.0 459.0 0.0047 10785.9009
14.0 477.0 0.0052 10784.3540
28.0 483.0 0.0046 10786.2470
57.0 484.0 0.0049 10785.4478
88.0 486.0 0.0041 10787.7353
119.0 481.0 0.0056 10783.1627
133.0 494.0 0.0041 10787.6873
156.0 498.0 0.0046 10786.1893
175.0 480.0 0.0045 10786.3827
210.0 494.0 0.0046 10786.1190
226.0 492.0 0.0048 10785.4521
273.0 489.0 0.0046 10786.2856
287.0 476.0 0.0046 10786.3130
319.0 498.0 0.0047 10786.0376
325.0 480.0 0.0046 10786.0620
369.0 481.0 0.0048 10785.5338
381.0 499.0 0.0053 10784.0224
415.0 475.0 0.0040 10787.8670
425.0 479.0 0.0046 10786.1683
459.0 490.0 0.0041 10787.6475
483.0 484.0 0.0054 10783.7209
